version: 1
creator: callgrind-3.10.0
pid: 14341
cmd:  myfile.exe
part: 1


desc: I1 cache: 
desc: D1 cache: 
desc: LL cache: 

desc: Timerange: Basic block 0 - 525958783
desc: Trigger: Program termination

positions: line
events: Ir
summary: 2095595042


ob=(5) /usr/lib/valgrind/vgpreload_core-x86-linux.so
fl=(57) ???
fn=(470) 0x000003f0
0 4
cfn=(236) 0x000003e0
calls=1 0 
0 2
0 10

fn=(450) 0x00000480
0 4
cfn=(236)
calls=1 0 
0 2
0 10
cob=(3) /lib/i386-linux-gnu/libc-2.19.so
cfi=(101) /build/buildd/glibc-2.19/stdlib/cxa_finalize.c
cfn=(464) __cxa_finalize
calls=1 31 
0 73
cob=(1) /lib/i386-linux-gnu/ld-2.19.so
cfi=(51) /build/buildd/glibc-2.19/elf/../sysdeps/i386/dl-trampoline.S
cfn=(202) _dl_runtime_resolve
calls=1 28 
0 802
0 5
0 2
cfn=(470)
calls=1 0 
0 16
0 4

fn=(236)
0 12

fn=(242) 0x000004d0
0 4
cfn=(236)
calls=1 0 
0 2
0 18
cfn=(236)
calls=1 0 
0 2
0 9

ob=(1)
fl=(19) /build/buildd/glibc-2.19/string/../sysdeps/i386/i686/multiarch/../strcmp.S
fn=(54) strcmp
30 330
+1 330
+2 330
+1 330
+1 330
-2 1413
+1 1413
+1 1413
+1 1550
+1 1550
+1 1550
+1 1550
+2 137
+3 137
+2 193
+1 193
+1 193
+2 193

fl=(9) /build/buildd/glibc-2.19/elf/../sysdeps/unix/sysv/linux/dl-sysdep.c
fn=(60) _dl_discover_osversion
45 5
cfi=(3) /build/buildd/glibc-2.19/elf/../sysdeps/i386/dl-tlsdesc.S
cfn=(4) 0x00018758
calls=1 +85 
* 2
* 2
+2 4
+40 3
cfi=(21) /build/buildd/glibc-2.19/posix/../sysdeps/unix/syscall-template.S
cfn=(62) uname
calls=1 -6 
* 8
* 2
+15 1
-15 1
+20 1
-1 1
+3 12
+2 3
+2 3
-2 3
+2 10
+3 1
-1 1
+1 1
-3 4
+7 3
-1 3
+2 3
+2 13
+8 1
+1 6
-4 2

fl=(32) /build/buildd/glibc-2.19/io/../sysdeps/unix/sysv/linux/fxstat64.c
fn=(116) __fxstat64
33 4
+2 4
-2 4
cfi=(3)
cfn=(4)
calls=4 +97 
* 8
* 4
+2 28
+6 8

fl=(38) /build/buildd/glibc-2.19/elf/dl-tls.c
fn=(430) ___tls_get_addr
769 3
cfi=(3)
cfn=(4)
calls=1 130 
* 2
* 1
+1 1
+2 3
+3 2
+2 2
+3 2
+1 3

fn=(158) allocate_dtv
288 5
cfi=(3)
cfn=(4)
calls=1 130 
* 2
* 2
+8 1
-1 2
+1 3
cfi=(17) /build/buildd/glibc-2.19/elf/dl-minimal.c
cfn=(36) calloc
calls=1 102 
* 73
* 1
+1 2
+9 1
-6 1
+6 1
+6 6

fn=(216) _dl_allocate_tls_init
376 6
cfi=(3)
cfn=(4)
calls=1 130 
* 2
* 1
+1 1
-1 1
+1 1
+4 2
+3 1
-1 1
-2 1
+8 3
+5 8
+6 6
+22 2
+1 5
+2 2
+1 3
+8 3
+1 1
+1 5
cfi=(25) /build/buildd/glibc-2.19/string/../sysdeps/i386/i686/multiarch/../mempcpy.S
cfn=(72) mempcpy
calls=1 40 
* 16
* 6
cfi=(33) /build/buildd/glibc-2.19/string/../sysdeps/i386/i686/multiarch/../memset.S
cfn=(118) memset
calls=1 48 
* 36
-42 7
+6 2
+3 1
+1 2
+6 5
+3 2
-1 2
+38 3
+2 1
+1 6

fn=(190) _dl_add_to_slotinfo
831 6
cfi=(3)
cfn=(4)
calls=1 130 
* 2
* 2
+6 2
+3 2
+5 3
+41 3
+1 3
+1 6

fn=(154) _dl_determine_tlsoffset
112 5
cfi=(3)
cfn=(4)
calls=1 +18 
* 2
* 2
+6 3
+3 3
+36 1
-34 2
+34 2
+2 4
-2 1
-2 1
-40 1
-1 1
-1 2
+44 6
+5 1
-1 1
+5 1
-4 1
-1 2
+3 1
-3 1
+7 1
-4 3
+2 6
+16 5
+2 1
-2 1
+2 1
+1 1
-1 2
+10 1
-12 2
+15 9
+1 1
+51 2
+1 6

fn=(156) _dl_allocate_tls_storage
328 5
cfi=(3)
cfn=(4)
calls=1 130 
* 2
* 2
+2 1
+11 4
cfi=(17)
cfn=(44) __libc_memalign
calls=1 51 
* 74
* 1
+1 1
-1 1
+1 1
+7 1
+4 318
+11 2
cfn=(158)
calls=1 -76 
* 100
+1 2
+5 6

fn=(140) _dl_next_tls_modid
50 5
cfi=(3)
cfn=(4)
calls=1 +80 
* 2
* 2
+3 3
+48 2
+4 6

fl=(48) /build/buildd/glibc-2.19/misc/../sysdeps/unix/syscall-template.S
fn=(188) mprotect
81 45
+1 5

fn=(222) munmap
81 8
+1 1

fl=(41) /build/buildd/glibc-2.19/elf/dl-reloc.c
fn=(162) _dl_relocate_object
154 40
cfi=(3)
cfn=(4)
calls=5 -24 
* 10
* 5
+15 10
+1 25
+6 15
+6 15
-18 10
+22 5
-22 5
+22 5
+7 20
-32 5
+77 20
fi=(6) /build/buildd/glibc-2.19/elf/../sysdeps/i386/dl-machine.h
103 35
fe=(41)
264 344
-99 55
fi=(5) /build/buildd/glibc-2.19/elf/do-rel.h
-67 10
fe=(41)
264 5
fi=(5)
47 5
+11 5
-11 5
fe=(41)
264 5
fi=(5)
58 5
fe=(41)
264 5
fi=(5)
47 5
+11 5
-11 5
fe=(41)
264 5
fi=(5)
58 5
+3 4
fi=(6)
401 8
fi=(5)
61 8
fi=(6)
661 4
-1 8
+1 4
-1 4
+3 8
-2 33
-1 66
+1 33
-1 33
+3 66
+2 116
+1 29
fi=(5)
61 151
fe=(41)
264 305
fi=(6)
610 10
fi=(5)
47 5
+51 5
-52 5
+1 5
+37 5
+14 5
-14 5
-1 5
+3 5
-3 5
+3 15
+12 5
-51 5
+51 5
-52 5
+1 5
+37 5
+14 5
-14 5
-1 5
+3 5
-3 5
+3 15
+12 5
+10 32
+10 40
+3 8
+3 8
-3 8
+3 8
fi=(6)
511 10
fe=(41)
264 30
+3 15
+28 5
+3 5
-3 5
+3 10
+17 20
+1 10
cfn=(186) _dl_protect_relro
calls=5 +6 
* 210
* 10
+1 30
183 15
fi=(6)
-74 8
+4 12
+13 4
-8 4
+8 4
-8 4
+8 4
+13 12
fi=(5)
-55 12
-1 12
+3 12
+12 18
+7 12
+6 6
+1 6
fi=(6)
639 15
fi=(5)
112 2512
fi=(6)
639 2512
fi=(5)
111 1259
fi=(6)
640 1259
fi=(5)
111 2518
+7 24
+3 10
+3 15
fi=(6)
465 12
fi=(5)
136 4
+3 4
-3 8
+3 4
-1 4
-2 8
+2 4
-2 4
+1 8
+2 4
-1 4
fi=(6)
308 4
+3 4
fi=(5)
137 8
fi=(6)
311 4
fi=(5)
136 109
+3 109
-3 218
+3 109
-1 109
-2 218
+2 109
-2 109
+1 218
+2 109
-1 109
fi=(6)
308 109
+3 109
fi=(5)
137 218
fi=(6)
311 109
+17 226
+9 2828
fi=(5)
137 89
fi=(6)
337 267
fi=(5)
138 89
fi=(6)
337 380
fi=(5)
137 6
fi=(6)
337 18
fi=(5)
138 6
fi=(6)
337 1734
cfi=(7) /build/buildd/glibc-2.19/elf/dl-lookup.c
cfn=(168) _dl_lookup_symbol_x
calls=95 714 
* 64743
* 570
+1 414
+3 428
+6 565
fi=(5)
124 456
fi=(6)
370 6
+1 12
+67 33
+2 44
+1 77
-84 270
+91 27
337 39
+1 6
+2 12
fe=(41)
-76 131
fi=(6)
465 2
fi=(5)
160 4
+11 3
-1 1
+1 1
-1 1
fi=(6)
308 1
fi=(5)
170 3
fi=(6)
311 3
fi=(5)
171 12
-1 4
+1 4
-1 4
fi=(6)
308 4
fi=(5)
170 12
fi=(6)
311 12
+17 10
+9 205
cfi=(7)
cfn=(168)
calls=5 714 
* 3028
* 30
+1 13
+3 4
+6 25
fi=(5)
160 21
fi=(6)
340 4
-2 4
+2 4
fe=(41)
-76 3
fi=(6)
+93 20
fi=(5)
111 24
+49 8
fi=(6)
502 20
fe=(41)
264 35
fi=(6)
671 16
337 135
718 16
+2 8
+1 8
-1 16
+1 16
+1 8
cob=(4) /lib/i386-linux-gnu/libm-2.19.so
cfi=(55) /build/buildd/glibc-2.19/math/../sysdeps/i386/i686/fpu/multiarch/s_sinf.c
cfn=(214) sinf
calls=1 25 
* 25
cob=(4)
cfi=(54) /build/buildd/glibc-2.19/math/../sysdeps/i386/i686/fpu/multiarch/s_sincosf.c
cfn=(212) sincosf
calls=1 25 
* 25
cob=(4)
cfi=(53) /build/buildd/glibc-2.19/math/../sysdeps/i386/i686/fpu/multiarch/e_expf.c
cfn=(210) __ieee754_expf
calls=1 25 
* 25
cob=(4)
cfi=(49) /build/buildd/glibc-2.19/math/../sysdeps/i386/i686/fpu/multiarch/s_cosf.c
cfn=(192) cosf
calls=1 25 
* 1201
cob=(3)
cfi=(47) /build/buildd/glibc-2.19/wcsmbs/../sysdeps/i386/i686/multiarch/wcslen.S
cfn=(184) wcslen
calls=1 28 
* 13
cob=(3)
cfi=(46) /build/buildd/glibc-2.19/string/../sysdeps/i386/i686/multiarch/memrchr.S
cfn=(182) memrchr
calls=1 36 
* 14
cob=(3)
cfi=(45) /build/buildd/glibc-2.19/string/../sysdeps/i386/i686/multiarch/strncase.S
cfn=(180) strncasecmp
calls=1 27 
* 15
cob=(3)
cfi=(42) /build/buildd/glibc-2.19/string/../sysdeps/i386/i686/multiarch/strnlen.S
cfn=(174) strnlen
calls=1 28 
* 88
+1 16
fe=(41)

fn=(186)
322 30
cfi=(3)
cfn=(4)
calls=5 130 
* 10
* 10
+1 10
+1 10
-1 10
+2 10
+3 10
+1 25
cfi=(48)
cfn=(188)
calls=5 81 
* 50
* 10
+6 25

fl=(8) /build/buildd/glibc-2.19/elf/../elf/dl-sysdep.c
fn=(14) _dl_sysdep_start
86 7
cfi=(3)
cfn=(4)
calls=1 +44 
* 2
* 1
+25 1
-1 1
+1 278
+6 1
-3 1
-3 1
+3 1
+3 1
-2 1
+2 5
-10 1
-20 20
+1 2
+30 108
-1 84
+95 18
fi=(9)
35 2
cfi=(10) /build/buildd/glibc-2.19/elf/../sysdeps/unix/sysv/linux/i386/brk.c
cfn=(18) brk
calls=1 -2 
* 17
fi=(6)
264 5
fe=(8)
-30 2
cfi=(12) /build/buildd/glibc-2.19/elf/../misc/sbrk.c
cfn=(24) sbrk
calls=1 34 
* 23
* 3
+12 3
+3 7
cfi=(2) /build/buildd/glibc-2.19/elf/rtld.c
cfn=(26) dl_main
calls=1 890 
* 127913
+1 1
+1 6
-72 2
+1 1
-29 2
+1 1
+11 2
+1 1
-7 4
+1 1
-4 1
+1 1
-25 2
+1 1
-4 2
+1 1
-7 1
+1 1
+2 1
+1 1
232 2
cfi=(11) /build/buildd/glibc-2.19/string/../sysdeps/i386/i686/multiarch/../../i586/strlen.S
cfn=(22) strlen
calls=1 43 
* 25
* 2

fn=(218) _dl_sysdep_start_cleanup
256 1

fl=(3)
fn=(4)
130 1266

fl=(27) /build/buildd/glibc-2.19/string/../sysdeps/i386/i686/multiarch/../../i586/strchr.S
fn=(76) index
45 11
+2 11
+3 11
+2 11
+3 11
+1 11
+2 11
+2 11
+6 11
+1 11
+2 11
+1 11
+2 11
+1 11
+2 11
+2 7
+1 7
+2 7
+1 7
+2 7
+1 7
+2 7
+1 7
+2 7
+1 7
+2 7
+1 7
+2 7
+1 7
+2 7
+2 6
+2 6
+1 6
+2 6
+1 6
+2 6
+10 6
+1 6
+2 6
+1 6
+25 6
+1 6
+2 6
+1 6
-33 5
+1 5
+2 5
+1 5
+25 5
+1 5
+2 5
+1 5
-4 2
+1 2
+2 2
+1 2
+2 13
+1 13
+2 13
+1 13
+2 13
+1 13
+2 13
+1 13
+2 13
+1 13
+2 13
+1 13
+2 13
+1 13
+2 13
+1 13
+2 12
+1 12
+2 12
+1 12
+2 12
+1 12
+2 12
+1 12
+2 8
+1 8
+2 8
+1 8
+2 8
+1 8
+2 8
+1 8
+2 8
+1 8
+2 8
+1 8
+2 8
+1 8
+2 8
+1 8
+2 6
+1 6
+2 6
+1 6
+2 4
+1 4
+2 4
+1 4
+2 4
+1 4
+2 4
+1 4
+2 4
+1 4
+2 4
+1 4
+2 4
+1 4
+2 4
+1 4
+2 2
+1 2
+2 2
+1 2
+2 2
+1 2
+2 2
+1 2
+2 2
+1 2
+2 2
+1 2
+2 2
+1 2
+2 2
+2 2
+4 1
+1 1
+2 1
+15 11
+3 11
+4 11
+3 11
+4 11
+9 10
+1 10
+2 10
+2 10
+1 10
+2 10
+2 10
+1 10
+2 10
+1 10
+2 8
+1 8
+2 8
+1 8
+2 8
+1 8
+2 2
+3 2
+1 2
+2 10
+1 10

fl=(12)
fn=(24)
34 4
cfi=(3)
cfn=(4)
calls=1 +96 
* 2
* 3
+8 6
+4 2
+11 6

fl=(52) /build/buildd/glibc-2.19/elf/dl-runtime.c
fn=(204) _dl_fixup
66 49
+3 7
-3 7
cfi=(3)
cfn=(4)
calls=7 +64 
* 14
* 7
+3 14
+3 14
+1 70
+1 21
+5 7
-5 7
+5 7
+4 21
+4 21
+4 18
+1 18
+2 24
+7 21
-1 7
+11 98
cfi=(7)
cfn=(168)
calls=7 714 
* 6478
* 14
+4 21
+10 49
+16 28
+4 21
fi=(6)
274 14
fe=(52)
149 49
-64 2

fl=(39) /build/buildd/glibc-2.19/elf/dl-version.c
fn=(146) _dl_check_all_versions
380 7
cfi=(3)
cfn=(4)
calls=1 130 
* 2
* 1
+4 1
-4 1
+4 2
-2 2
+4 35
cfn=(148) _dl_check_map_versions
calls=5 174 
* 5859
-2 5
+2 15
-1 5
-1 10
+5 7

fn=(148)
174 40
+15 10
-15 5
cfi=(3)
cfn=(4)
calls=5 -44 
* 10
* 10
+15 10
+2 10
+2 20
+1 10
+2 5
-2 5
+2 5
+3 6
+4 3
-4 3
+4 9
+34 3
-34 6
+34 6
-17 6
56 3
220 3
56 15
220 4
56 2
220 2
56 10
+1 16
-1 32
+2 63
cfi=(31) /build/buildd/glibc-2.19/elf/dl-misc.c
cfn=(106) _dl_name_match_p
calls=21 288 
* 1564
* 47
228 15
+5 20
+19 4
-15 159
cfn=(150) match_symbol
calls=2 76 
* 258
* 56
cfn=(150)
calls=7 76 
* 1361
* 18
+7 9
-7 9
+7 36
+3 27
+9 20
+5 2
+1 2
-79 2
-8 2
+95 15
+3 12
+3 18
+3 12
+4 3
-7 12
+3 9
+4 40
-7 160
+3 123
+8 3
+86 3
-86 8
+86 2
-86 4
+87 6
-81 28
cfi=(17)
cfn=(36)
calls=4 102 
* 331
* 4
* 4
-1 4
+2 4
-2 4
+2 4
+8 4
+3 16
+2 12
+3 15
+4 20
+18 4
-15 4
+2 16
-2 5
+2 20
+2 18
+1 9
-1 9
+1 18
+1 9
-2 9
+3 9
-1 18
+1 27
+3 32
+8 15
+5 2
+1 5
+4 12
+3 18
+20 43
-14 43
-2 43
+2 46
-2 3
+2 3
+4 43
+1 215
+1 43
+1 43
-1 86
+4 138
+9 4
+1 24

fn=(150)
76 63
cfi=(3)
cfn=(4)
calls=9 +54 
* 18
* 27
+1 18
+8 9
-8 9
+8 9
+6 36
+15 9
+1 18
+2 18
+5 18
+14 126
+12 162
+4 54
-30 108
+19 72
cfi=(19)
cfn=(54)
calls=9 30 
* 764
* 27
+35 54

fl=(15) /build/buildd/glibc-2.19/elf/dl-object.c
fn=(32) _dl_new_object
61 20
cfi=(3)
cfn=(4)
calls=4 +69 
* 8
* 8
+1 4
-1 16
+1 4
cfi=(11)
cfn=(22)
calls=4 -19 
* 223
+6 4
-6 8
+6 4
-6 4
+6 4
+7 24
cfi=(17)
cfn=(36)
calls=4 +27 
* 298
* 4
+3 4
-3 4
+3 4
+4 4
-1 4
+1 8
+4 8
+1 32
cfi=(18) /build/buildd/glibc-2.19/string/../sysdeps/i386/i686/multiarch/../memcpy.S
cfn=(46) memcpy
calls=4 -47 
* 106
* 4
+2 4
-2 4
+10 16
+1 4
-1 4
+1 16
+3 4
-3 4
+3 4
+6 4
-4 4
+4 4
+3 13
+2 1
-2 3
+2 15
-2 45
+12 4
+4 4
-4 4
+6 4
-5 4
+5 12
+2 9
+3 9
+4 12
+4 6
+2 1
+6 1
+3 2
+3 6
-3 6
+3 18
+2 9
cfi=(11)
cfn=(22)
calls=3 43 
* 282
+4 3
-4 9
+4 12
+64 6
+4 24
68 40
+73 9
-39 10
+39 2
+70 18
cfi=(25)
cfn=(72)
calls=3 40 
* 70
* 3
+5 48
+1 48
-1 48
+1 51
-1 3
+1 9
+5 6
-57 6
cfi=(17)
cfn=(40) malloc
calls=3 -72 
* 147
* 3
+1 3
-1 3
+1 9

fn=(48) _dl_add_to_namespace_list
32 24
cfi=(3)
cfn=(4)
calls=4 +98 
* 8
* 12
+2 12
cfi=(2)
cfn=(50) rtld_lock_default_lock_recursive
calls=4 836 
* 12
+2 25
+4 6
-1 27
+2 3
+2 3
+5 3
-1 3
+1 3
-1 3
+1 3
+1 3
-1 3
+1 9
+2 6
cfi=(2)
cfn=(52) rtld_lock_default_unlock_recursive
calls=3 842 
* 9
-3 1
-1 1
+1 1
-1 1
+1 1
+1 1
-1 1
+1 3
+2 2
cfi=(2)
cfn=(52)
calls=1 842 
* 3
+1 24
-6 2

fl=(13) /build/buildd/glibc-2.19/elf/dl-environ.c
fn=(28) _dl_next_ld_env_entry
30 3
+3 9
+2 134
+11 65
-13 195
-2 1
+19 6
-14 20
+5 2
-3 2
+3 2
+2 2

fl=(34) /build/buildd/glibc-2.19/elf/dl-deps.c
fn=(126) openaux
60 30
+7 5
-3 5
-1 5
+1 5
-1 55
cfi=(22) /build/buildd/glibc-2.19/elf/dl-load.c
cfn=(104) _dl_map_object
calls=5 2317 
* 13466
* 10
+5 25

fn=(124) _dl_map_object_deps
147 8
+1 5
-1 1
+14 1
-13 3
+14 2
+6 1
-21 1
cfi=(3)
cfn=(4)
calls=1 -17 
* 2
* 1
+13 1
+1 1
+7 2
+10 1
-30 1
+20 1
+10 5
+1 3
-19 1
+2 2
+6 1
-7 1
+7 3
+10 2
-10 1
+10 4
-16 3
+20 3
+19 1
+2 1
+1 2
-3 1
343 1
189 1
-1 1
343 1
213 1
-4 1
+4 1
+4 4
-4 4
-4 4
+4 4
+4 16
+12 20
+2 6
+6 3
-6 6
+5 3
+1 3
+1 6
+1 6
+3 15
-32 3
+32 6
+50 15
+1 12
-51 312
+1 156
+6 25
cfi=(27)
cfn=(76)
calls=5 45 
* 481
* 10
+2 5
+3 40
cfi=(29) /build/buildd/glibc-2.19/elf/dl-error.c
cfn=(96) _dl_catch_error
calls=5 -91 
* 13926
+2 5
-2 5
+2 10
+15 5
+2 10
+11 3
-6 6
+10 3
-10 3
+3 3
+1 3
+1 3
+5 3
-4 3
+2 3
+2 9
-2 9
-57 12
-19 2
471 15
+2 9
+3 3
-1 6
cfi=(17)
cfn=(40)
calls=3 93 
* 147
* 3
+2 3
-2 3
+2 3
+3 3
+1 3
-1 3
+1 21
cfi=(18)
cfn=(46)
calls=3 40 
* 84
+1 18
cfi=(18)
cfn=(46)
calls=3 40 
* 84
+3 3
+1 3
-1 3
+5 30
+3 12
-1 5
+1 10
202 22
+15 15
+1 25
+2 3
+2 9
+2 30
497 6
+1 2
+3 5
+11 2
-1 2
cfi=(17)
cfn=(40)
calls=1 93 
* 49
* 1
+3 1
-3 1
+3 1
+5 1
+3 1
-3 1
+3 1
-3 3
+1 1
+4 20
+4 20
-6 5
+10 5
-10 10
+13 3
+51 6
+2 4
+42 9
+1 4
cfi=(33)
cfn=(118)
calls=1 48 
* 23
* 4
-2 7
+6 2
+1 5
+6 1
-6 2
+6 2
-13 9
+6 6
+1 15
+6 3
-6 6
+6 15
+2 6
+1 6
-1 6
+1 9
+3 21
-1 30
+23 12
-28 12
+31 16
+3 30
cfi=(33)
cfn=(118)
calls=3 48 
* 73
* 12
-18 1
+25 3
+2 1
+1 1
+1 1
-2 1
+2 2
+7 3
+3 3
+3 6
295 219
623 9
cfi=(18)
cfn=(46)
calls=1 40 
* 31
+2 1
-38 1
+38 2

fl=(1) ???
fn=(0) 0x00001010
0 2
cfi=(2)
cfn=(2) _dl_start
calls=1 361 
0 129377
0 2
cfn=(226) 0x00001000
calls=1 0 
0 2
0 17
cfi=(56) /build/buildd/glibc-2.19/elf/dl-init.c
cfn=(230) _dl_init
calls=1 86 
0 4075
0 3
cob=(6) /home/chris/workspace/C-Programming/z/shared/src/myfile.exe
cfi=(67) ???
cfn=(294) 0x080483f0
calls=1 0 
0 2095461564

fn=(356) _dl_sysinfo_int80
0 16

fn=(226)
0 2

fl=(24) /build/buildd/glibc-2.19/io/../sysdeps/unix/syscall-template.S
fn=(112) read
81 27
+1 3

fn=(68) access
81 32
+1 4
cfi=(22)
cfn=(70) 0x00018754
calls=4 1512 
* 8
* 20

fn=(110) open
81 189
+1 21
cfi=(22)
cfn=(70)
calls=17 1512 
* 34
* 85

fn=(122) close
81 28
+1 4

fl=(14) /build/buildd/glibc-2.19/string/../sysdeps/i386/i686/multiarch/../memcmp.S
fn=(30) bcmp
46 18
+2 18
+1 18
+1 18
+2 18
+1 18
+18 18
+2 18
+2 18
+2 18
+1 36
cfi=(3)
cfn=(4)
calls=18 +52 
* 36
* 36
+3 18
+1 18
+1 18
+14 1
+1 1
+1 1
+1 1
+2 6
+1 6
+1 6
+1 6
+2 7
+1 7
+1 7
+1 7
+2 9
+1 9
+1 9
+1 9
+2 9
+1 9
+1 9
+1 9
+2 7
+3 7
+1 14
256 1
+1 1
+1 1
+1 1
+2 6
+1 6
+1 6
+1 6
+2 5
+1 5
+1 5
+1 5
+1 5
+1 5
+1 5
+1 5
+1 5
+1 5
+3 5
+1 10
+70 6
+1 6
+1 2
+1 2
+1 2
+1 2
+1 2
+1 2
+3 2
+2 2
+1 2
+1 2
+3 4
-5 4
+1 4
+1 4
+3 8

fl=(23) /build/buildd/glibc-2.19/elf/dl-hwcaps.c
fn=(66) _dl_important_hwcaps
39 7
cfi=(3)
cfn=(4)
calls=1 +91 
* 2
* 5
+2 5
+1 1
-1 1
+1 1
+9 1
-9 3
+9 8
+1 7
-1 1
+1 1
+1 1
-2 1
+2 1
-2 6
+1 182
-1 26
+1 26
+1 26
-2 26
+2 26
-2 480
+10 4
+31 2
+23 5
cfi=(24)
cfn=(68)
calls=1 -34 
* 16
* 3
-2 3
+17 5
+3 1
-3 1
+3 1
+29 3
+3 2
-3 1
+3 4
-2 270
+2 16
+1 4
cfi=(11)
cfn=(22)
calls=2 43 
* 50
+1 2
-1 4
+1 10
+1 2
-1 12
-5 112
+8 2
+2 3
+1 6
+4 1
+4 1
-4 2
+1 1
+3 1
+3 1
+1 1
-1 1
+4 2
+1 1
-1 6
+1 1
+2 1
+1 6
+1 2
-1 3
+1 2
-1 3
+2 2
+1 2
+2 2
-1 1
+1 1
-1 2
+5 4
+6 6
+1 3
-1 1
+1 1
cfi=(17)
cfn=(40)
calls=1 93 
* 49
* 1
+1 1
-1 1
+1 1
+29 3
+3 1
-3 2
+3 2
+7 12
+6 1
-3 1
+3 1
-3 1
+3 4
cfi=(25)
cfn=(72)
calls=1 40 
* 16
* 3
-3 3
+3 3
-3 3
+3 12
cfi=(25)
cfn=(72)
calls=3 40 
* 48
+3 4
-3 4
+3 4
-3 8
+3 20
+1 40
+1 36
cfi=(25)
cfn=(72)
calls=4 40 
* 60
* 12
-2 4
+2 4
-2 4
+5 32
cfi=(25)
cfn=(72)
calls=4 40 
* 60
+2 4
-2 8
+2 8
+5 10
+1 2
-1 2
+1 30
-1 33
+8 1
-3 3
+3 1
-3 1
+3 6
-3 9
+3 3
-3 3
+3 13
+1 96
+1 32
-1 32
+1 64
-2 32
+1 64
-1 96
+4 8
+3 1
+2 2
-2 1
+1 1
+1 1
-1 1
+1 2
-1 1
+1 2
+3 3
+3 3
-3 6
-3 6
+2 30
+3 3
+1 3
-1 3
-5 15
+13 1
+1 1
-1 2
+3 2
-3 7
+1 7
-1 14
+3 14
+3 4
+3 1
-1 1
+1 5
145 2
-14 2

fl=(29)
fn=(142) _dl_receive_error
205 7
cfi=(3)
cfn=(4)
calls=1 -75 
* 2
* 3
+1 1
cfi=(2)
cfn=(98) _dl_initial_error_catch_tsd
calls=1 794 
* 6
+11 1
-7 1
-4 1
+5 1
+3 1
+1 1
-5 1
+1 1
+6 2
cfi=(2)
cfn=(144) version_check_doit
calls=1 656 
* 5970
+2 1
+1 1
-1 1
+1 1
+1 6

fn=(96)
163 18
cfi=(3)
cfn=(4)
calls=6 -33 
* 12
* 12
+12 12
+3 6
-2 12
+1 12
+1 6
+2 6
cfi=(2)
cfn=(98)
calls=6 794 
* 36
+1 6
-1 12
+2 12
+3 18
-4 6
+4 6
cfi=(30) /build/buildd/glibc-2.19/setjmp/../sysdeps/i386/setjmp.S
cfn=(100) __sigsetjmp
calls=6 30 
* 72
* 18
+2 18
cfi=(34)
cfn=(126)
calls=5 60 
* 13606
cfi=(2)
cfn=(102) map_doit
calls=1 624 
* 2908
+1 12
+3 6
-3 6
+1 12
+1 12
+1 6
+8 30

fl=(28) /build/buildd/glibc-2.19/elf/dl-debug.c
fn=(90) _dl_debug_initialize
47 15
cfi=(3)
cfn=(4)
calls=5 +83 
* 10
* 5
+3 10
+5 8
+5 1
-1 1
+1 2
+1 2
+4 10
-14 5
+4 10
+4 1
-1 1
-58 1

fn=(92) _dl_debug_state
74 2

fl=(35) /build/buildd/glibc-2.19/io/../sysdeps/unix/sysv/linux/xstat64.c
fn=(130) __xstat64
33 16
+2 16
-2 16
cfi=(3)
cfn=(4)
calls=16 +97 
* 32
* 16
+2 112
+6 2
-6 45
+6 30

fl=(18)
fn=(46)
40 17
+1 17
+1 17
+1 17
+2 17
+1 17
+1 17
+1 17
+1 17
+1 17
+2 11
+1 11
+2 11
+1 11
+11 11
+1 11
+1 11
+1 11
+1 60
+2 11
+1 20
+2 11
+2 11
+1 11
+1 11
+2 11
-4 6
+1 6
+1 6
+2 6
+6 6
+1 6
+1 2
+1 2
+1 2
-1 4
+1 4
+1 5
+1 31
+2 6

fl=(26) /build/buildd/glibc-2.19/misc/../sysdeps/unix/sysv/linux/i386/mmap.S
fn=(74) mmap
29 11
+2 11
+2 11
+2 11
+3 11
+2 11
+1 11
+1 11
+2 11
+2 11
+2 11
+1 11
+1 11
+1 11
+2 11
+3 11
+3 11
+3 11
+3 11
+3 11
+5 11
+1 11
+3 11

fl=(21)
fn=(62)
81 7
+1 1

fl=(33)
fn=(118)
48 12
+1 12
+2 12
+1 12
+4 12
+2 12
+1 12
+2 12
+1 12
+1 2
+1 2
+1 2
+1 2
+1 2
+1 2
+1 2
+1 2
+1 2
+3 12
+1 12
+1 12
+2 12
+2 134
+2 12
+1 28
+5 12
+2 12
+7 12

fl=(2)
fn=(98)
794 7
cfi=(22)
cfn=(70)
calls=7 1512 
* 14
* 7
+3 14

fn=(102)
624 1
+2 1
-2 4
+2 7
cfi=(22)
cfn=(104)
calls=1 2317 
* 2890
* 2
+2 3

fn=(94) do_preload
803 7
cfi=(3)
cfn=(4)
calls=1 130 
* 2
* 2
+6 1
+6 3
-5 1
+5 1
-10 1
+6 1
+2 1
+2 2
-2 1
+2 2
cfi=(29)
cfn=(96)
calls=1 163 
* 2972
* 2
+1 3
+8 4
+6 6

fn=(152) init_tls
716 1
+7 1
-7 3
cfi=(3)
cfn=(4)
calls=1 130 
* 2
* 2
+2 1
+4 1
-4 1
+4 1
+10 4
cfi=(17)
cfn=(36)
calls=1 102 
* 73
* 1
-4 1
+15 1
-12 1
+6 1
-9 1
+11 1
+4 1
+2 1
-1 1
+1 12
+2 10
+4 1
+2 1
-7 10
+9 2
+3 1
cfi=(38)
cfn=(154)
calls=1 112 
* 86
+7 1
cfi=(38)
cfn=(156)
calls=1 328 
* 521
+1 1
-1 1
+1 1
+6 1
+8 1
-8 1
+8 17
+4 1
+2 2
+1 5

fn=(2)
361 7
cfi=(3)
cfn=(4)
calls=1 130 
* 2
* 2
+18 2
fi=(4) /build/buildd/glibc-2.19/elf/get-dynamic-info.h
44 1
+7 1
fe=(2)
379 1
fi=(6)
59 3
fi=(4)
-15 1
fe=(2)
408 1
-3 1
fi=(4)
44 1
+8 16
+10 4
-18 12
+8 13
+10 13
-18 39
+18 1
-18 3
+2 36
+5 20
+2 4
+16 2
+20 4
+1 4
+1 4
+1 4
+5 4
+2 4
+1 4
+1 4
+6 3
+3 2
+13 3
+1 3
+4 3
+2 3
+3 3
+1 3
fe=(2)
536 2
284 1
543 1
284 81
+12 2
cfi=(7)
cfn=(12) _dl_setup_hash
calls=1 859 
* 37
+1 2
+1 2
+1 2
+1 2
+21 2
+10 3
-10 1
+4 1
+6 2
cfi=(8)
cfn=(14)
calls=1 86 
* 128571
* 1
+9 1
+3 2
+4 1
-4 2
+4 1
568 7
fi=(4)
56 4
fe=(2)
541 39
fi=(5)
84 1
+27 1
-28 2
+28 2
+1 2
fi=(6)
639 2
fi=(5)
112 20
fi=(6)
639 20
fi=(5)
111 11
fi=(6)
640 11
fi=(5)
111 22
+5 3
+8 3
fi=(6)
409 2
fi=(5)
124 4
+15 2
fi=(6)
338 1
fi=(5)
139 1
-2 2
fi=(6)
308 1
fi=(5)
137 3
fi=(6)
338 2
+3 4
fi=(5)
139 16
fi=(6)
338 8
fi=(5)
139 8
-2 16
fi=(6)
308 8
fi=(5)
137 24
fi=(6)
338 16
+3 32
+6 54
fi=(4)
59 4
+2 3
fi=(5)
+63 28
fi=(6)
357 27
fe=(2)

fn=(26)
890 6
cfi=(3)
cfn=(4)
calls=1 130 
* 2
* 2
2487 1
-1 1
909 2
+3 2
+4 2
+1 2
+5 2
2484 1
+7 1
-7 1
+7 7
2645 2
2493 2
cfi=(13)
cfn=(28)
calls=1 30 
* 86
* 4
cfi=(13)
cfn=(28)
calls=2 30 
* 355
* 9
+4 50
+1 19
-1 57
+3 4
+6 12
2655 3
+30 3
932 4
1133 7
cfi=(15)
cfn=(32)
calls=1 61 
* 284
* 1
+2 1
-2 1
+2 1
+1 1
+6 1
-6 1
+2 1
-2 1
+1 1
+1 1
-1 1
+1 1
+4 2
cfi=(15)
cfn=(48)
calls=1 32 
* 47
+1 2
899 1
1164 1
+8 1
-3 1
+3 3
-8 1
+1 1
+2 1
+5 2
+56 1
-34 2
+21 1
896 1
1215 1
+13 4
-55 24
-1 27
+1 47
-1 3
1275 4
+3 2
+2 2
+2 3
+13 3
+1 9
cfi=(19)
cfn=(54)
calls=1 30 
* 9
* 3
+7 1
+3 1
-5 1
+3 1
+2 2
+1 2
+4 2
+2 3
fi=(4)
29 2
+9 2
+4 1
+2 1
+7 1
-7 2
+8 12
+10 3
-18 9
+8 20
+10 20
-18 60
+18 1
-18 3
+2 48
+5 16
+2 4
+16 4
+38 4
+7 3
+5 4
+4 4
+1 3
+12 4
+14 4
+18 4
fe=(2)
1318 2
cfi=(7)
cfn=(12)
calls=1 859 
* 37
+3 2
fi=(20) /build/buildd/glibc-2.19/elf/setup-vdso.h
24 3
fe=(2)
1343 6
1177 3
+1 1
+90 2
+1 2
+1 1
-6 2
+1 1
-37 8
-1 6
+2 4
+1 1
+3 2
+1 2
-1 2
+1 2
+1 2
+1 6
+1 2
-43 1
-2 2
+27 1
-25 1
+7 1
-10 1
+10 2
-19 3
+1 1
fi=(4)
56 4
+3 4
+2 3
fe=(2)
2580 5
cfi=(14)
cfn=(30)
calls=1 46 
* 35
* 2
+2 3
-55 5
cfi=(14)
cfn=(30)
calls=1 46 
* 30
* 2
+7 5
cfi=(14)
cfn=(30)
calls=1 46 
* 36
* 2
+2 3
fi=(4)
114 2
fe=(2)
1348 2
cfi=(22)
cfn=(64) _dl_init_paths
calls=1 714 
* 4577
+3 3
cfi=(28)
cfn=(90)
calls=1 47 
* 22
+7 2
-7 1
+2 1
+5 1
+3 3
+1 1
+1 1
+2 1
-3 3
+1 2
+3 2
+5 1
-7 1
+7 1
+1 6
+4 1
+2 1
+2 1
-2 1
+8 2
-7 1
+7 1
-6 1
+5 2
+1 6
+2 2
+1 2
+5 3
+5 3
905 1
1580 4
+3 2
+4 3
+7 1
+4 3
+15 4
+4 3
+31 5
cfi=(24)
cfn=(68)
calls=1 81 
* 16
* 2
+77 4
+17 1
+1 2
-1 2
+1 9
cfi=(34)
cfn=(124)
calls=1 147 
* 16624
* 1
+1 1
+5 1
-3 4
+3 5
+1 3
-1 2
+1 12
-1 8
+4 3
+1 3
+1 1
+2 2
+1 5
-1 2
+1 9
-1 9
-28 4
+1 1
-1 3
+4 2
+1 1
+1 2
+1 2
1536 1
1771 1
-1 1
+1 1
-1 1
+1 1
+2 1
+2 3
+2 1
-4 1
+5 1
-1 2
+14 2
+1 2
+1 3
+11 2
+2 1
-2 3
+1 2
+1 5
cfi=(29)
cfn=(142)
calls=1 205 
* 6009
+11 1
-1 1
+1 1
-1 1
+1 1
+1 1
cfn=(152)
calls=1 716 
* 776
* 1
+2 3
852 1
fi=(40) /build/buildd/glibc-2.19/elf/../sysdeps/unix/sysv/linux/dl-osinfo.h
86 2
fe=(2)
854 1
+6 3
fi=(40)
112 1
fe=(2)
865 1
+2 1
+6 1
1825 3
2055 4
+56 2
+4 1
-4 1
+11 1
-11 1
+4 3
+4 2
+3 1
+8 3
+46 5
+7 1
+2 2
+1 1
-1 1
+1 2
+1 5
+2 15
+5 10
+2 10
+6 5
+2 10
+1 44
cfi=(41)
cfn=(162)
calls=4 154 
* 85869
+4 27
-22 19
+25 1
+2 3
+6 1
-6 1
+6 2
+5 5
+1 1
+5 2
cfi=(38)
cfn=(216)
calls=1 376 
* 144
+4 2
+14 3
+2 3
+29 1
cfi=(8)
cfn=(218)
calls=1 256 
* 1
+4 3
+20 3
cfi=(28)
cfn=(90)
calls=1 47 
* 15
+1 1
-1 1
+2 1
cfi=(28)
cfn=(92)
calls=1 74 
* 1
+1 1
+4 1
cfi=(36) /build/buildd/glibc-2.19/elf/dl-cache.c
cfn=(220) _dl_unload_cache
calls=1 308 
* 27
+5 6
2210 2
cfi=(38)
cfn=(190)
calls=1 831 
* 29
* 1
-12 1
+1 1
-3 2
+55 2
+15 3
+2 1
+1 8
cfi=(41)
cfn=(162)
calls=1 154 
* 7397
+1 1
+2 5
2063 1
898 2
1768 3
1624 2
cfi=(11)
cfn=(22)
calls=1 43 
* 123
* 10
cfi=(18)
cfn=(46)
calls=1 40 
* 32
* 1
+3 5
-12 1
+19 2
-4 4
cfi=(17)
cfn=(80) strsep
calls=1 335 
* 889
* 4
cfi=(17)
cfn=(80)
calls=1 335 
* 26
* 6
+1 2
+1 3
+2 4
cfn=(94)
calls=1 803 
* 3012
* 2
+2 1
+1 2
+1 3
1337 4
+6 1
cfi=(9)
cfn=(60)
calls=1 45 
* 99
* 2
1592 2
+1 1
cfi=(28)
cfn=(92)
calls=1 74 
* 1
* 1

fn=(144)
656 1
+2 1
-2 2
cfi=(3)
cfn=(4)
calls=1 130 
* 2
* 3
+2 3
cfi=(39)
cfn=(146)
calls=1 380 
* 5952
* 2
+4 4

fn=(50)
836 5
+1 10

fn=(52)
842 5
+1 10

fl=(11)
fn=(22)
43 19
+1 19
+2 19
+2 19
+1 8
+2 7
+1 7
+2 6
+1 6
+2 6
+2 6
+1 6
+2 6
+2 7
+1 7
+2 7
+1 7
+26 7
+1 7
+2 7
+1 7
+2 7
+1 7
-7 23
+1 23
+2 23
+1 23
+2 23
+1 23
+2 30
+2 30
+2 30
+3 30
+1 30
+2 30
+1 30
+2 30
+1 30
+2 27
+2 27
+2 27
+3 23
+1 23
+2 23
+1 23
+2 23
+1 23
+2 22
+2 22
+2 22
+3 21
+1 21
+2 21
+1 21
+2 21
+1 21
+2 14
+2 14
+2 14
+3 18
+1 18
+2 18
+1 18
+2 14
+1 14
+2 14
+2 8
+1 8
+2 8
+1 8
+2 1
+2 1
+3 1
-3 18
+3 18

fl=(22)
fn=(78) fillin_rpath
486 6
cfi=(3)
cfn=(4)
calls=1 130 
* 2
* 6
+2 3
+3 5
cfi=(17)
cfn=(80)
calls=1 335 
* 300
* 5
cfi=(17)
cfn=(80)
calls=1 335 
* 26
* 4
+4 4
cfn=(82) expand_dynamic_string_token
calls=1 -80 
* 288
+2 1
-2 1
+2 1
cfi=(11)
cfn=(22)
calls=1 43 
* 50
+7 2
-3 1
-4 1
+4 1
+7 6
+8 3
+7 20
+1 8
+57 2
cfi=(17)
cfn=(88) free
calls=1 119 
* 14
* 1
* 3
-39 3
+4 3
+1 3
-1 1
+1 1
-2 2
cfi=(17)
cfn=(40)
calls=1 93 
* 49
* 1
+3 2
-3 1
+3 1
+5 1
-1 2
+2 5
cfi=(25)
cfn=(72)
calls=1 40 
* 19
+1 1
+2 1
-3 1
+1 1
+2 1
+6 4
+1 1
-1 1
+1 5
+1 1
-1 3
+1 15
-1 46
+4 1
-1 1
+1 1
-1 1
+1 1
+7 1
+4 1
-3 1
-1 1
+4 5
-71 2
+5 4
+29 2
+43 3
+3 6
-15 2

fn=(64)
714 7
cfi=(3)
cfn=(4)
calls=1 130 
* 2
* 2
+13 6
cfi=(23)
cfn=(66)
calls=1 39 
* 2618
* 1
+5 1
-5 1
+5 1
cfi=(17)
cfn=(40)
calls=1 93 
* 49
* 1
+1 1
-1 1
-1 1
+2 1
+8 1
-1 1
+1 2
-1 2
+5 4
cfi=(17)
cfn=(40)
calls=1 93 
* 88
* 1
-1 1
+3 1
-3 1
+3 2
+15 1
+14 4
-7 1
-7 2
+2 3
+3 7
+2 1
-16 1
+1 1
+11 1
+4 1
-1 1
+1 1
+4 24
+1 4
-1 12
+1 60
-1 184
+3 12
-14 3
+2 3
+12 3
-14 6
+2 3
+4 3
-3 3
+2 6
+1 6
+1 15
+3 9
-10 6
+7 6
+18 1
-11 1
+7 2
-1 1
+6 1
-5 1
+5 1
+2 4
+2 3
+38 4
+8 3
cfi=(27)
cfn=(76)
calls=1 45 
* 110
* 2
+2 2
cfi=(11)
cfn=(22)
calls=1 43 
* 55
* 10
cfi=(18)
cfn=(46)
calls=1 40 
* 25
* 1
+17 3
-1 3
+3 1
+1 2
+1 1
-4 3
+2 13
+1 26
+1 13
-4 40
+8 2
cfi=(17)
cfn=(40)
calls=1 93 
* 49
* 1
+1 1
-2 1
+2 1
+6 11
cfn=(78)
calls=1 486 
* 972
+4 4
+6 1
+4 6
-75 1
-2 1
+2 2
+14 2

fn=(84) local_strdup
160 20
cfi=(3)
cfn=(4)
calls=4 -30 
* 8
* 8
+1 8
cfi=(11)
cfn=(22)
calls=4 43 
* 346
* 4
+1 8
cfi=(17)
cfn=(40)
calls=4 -69 
* 196
* 4
+2 8
+3 16
cfi=(18)
cfn=(46)
calls=4 40 
* 134
+1 20

fn=(114) _dl_map_object_from_fd
923 21
cfi=(3)
cfn=(4)
calls=3 130 
* 6
* 9
+11 3
-11 3
+11 6
cfi=(28)
cfn=(90)
calls=3 47 
* 45
* 3
+4 15
cfi=(32)
cfn=(116)
calls=3 33 
* 45
* 6
+11 21
+1 21
-1 27
+1 72
+17 9
+25 6
+10 6
+22 12
+32 6
935 3
1059 30
cfi=(15)
cfn=(32)
calls=3 61 
* 1659
* 3
+1 3
-1 3
+1 3
+11 9
+1 9
+1 6
+2 9
+1 3
-1 3
-2 3
+3 15
+1 9
+24 30
+8 15
+97 3
1103 3
-1 3
-10 3
1206 6
-96 45
-1 156
+1 160
+6 6
+1 9
+1 3
+3 4
+1 2
+5 42
+6 6
+1 6
-1 36
+8 24
+1 6
-1 12
+1 6
-1 6
+1 36
+1 18
+2 6
-2 6
+3 6
-2 6
+2 6
-2 6
+3 12
+4 6
-5 6
+1 6
+4 6
+1 18
+5 21
-16 6
+26 3
-10 21
-16 6
+26 3
+3 3
+4 1
+1 1
+1 1
-1 1
+1 1
+4 2
+3 2
+4 4
+6 1
cfi=(38)
cfn=(140)
calls=1 50 
* 20
* 1
+1 1
+60 6
+1 6
+1 3
-6 6
+1 3
-72 4
+80 18
+13 12
+2 3
-2 3
+2 3
+19 30
-5 3
+5 6
cfi=(26)
cfn=(74)
calls=3 29 
* 69
+4 3
-4 3
+4 3
+7 3
+1 3
-1 3
+1 3
+2 3
-3 3
+1 3
+2 3
+10 3
+2 6
+33 24
+1 9
+2 18
+8 30
+6 3
+1 3
-1 3
+1 3
+1 6
+1 6
-1 12
+8 6
+3 6
+11 24
cfi=(33)
cfn=(118)
calls=3 48 
* 156
+1 15
+5 6
+15 6
-74 36
+2 15
+2 39
cfi=(26)
cfn=(74)
calls=3 29 
* 69
* 6
+74 12
+9 6
fi=(4)
38 3
fe=(22)
1427 6
fi=(4)
38 3
+6 3
-2 3
+2 6
+25 9
+20 13
+1 15
+1 15
+1 15
+2 9
+3 15
+2 15
+1 13
+1 15
+6 9
+7 9
+5 9
+4 9
+1 9
+12 9
+5 2
+2 2
-2 2
+2 2
+2 4
+2 4
+3 9
+2 1
+8 1
-8 1
+9 2
-1 1
+5 2
+3 9
fe=(22)
1433 6
+16 9
+19 6
+2 15
+55 9
+1 2
+3 3
cfi=(24)
cfn=(122)
calls=1 81 
* 8
* 6
cfi=(24)
cfn=(122)
calls=2 81 
* 16
* 6
+8 15
+3 9
+2 3
-2 3
+2 3
+16 6
cfi=(7)
cfn=(12)
calls=3 859 
* 111
+4 6
+1 9
+17 6
+1 1
+3 3
+1 1
-1 1
+1 2
+4 1
-4 1
+4 2
-5 6
+1 2
-1 2
+1 4
+4 2
-4 2
+4 4
+10 9
cfi=(15)
cfn=(48)
calls=3 32 
* 171
+4 12
+20 18
fi=(4)
52 56
+10 14
-18 42
+8 57
+10 57
-18 171
+18 3
-18 9
+2 148
+5 68
+2 12
+3 12
+3 12
+2 9
fe=(22)
1356 7
+1 8
+1 4
-1 2
+3 5
+43 11
cfi=(26)
cfn=(74)
calls=1 29 
* 23
+3 2
1537 6
+1 4
fi=(4)
114 6
fe=(22)

fn=(128) open_path
2168 14
+1 2
-1 2
cfi=(3)
cfn=(4)
calls=2 130 
* 4
* 4
+1 2
+6 2
-6 2
+6 2
+5 6
-7 2
-1 2
+8 20
1633 6
2192 6
+7 14
cfi=(25)
cfn=(72)
calls=2 40 
* 38
* 2
+1 6
+14 2
-14 2
-13 2
+27 4
+6 32
-20 123
+3 64
+4 153
cfi=(25)
cfn=(72)
calls=17 40 
* 286

ob=(3)
fl=(93) /build/buildd/glibc-2.19/stdlib/../sysdeps/i386/rshift.S
fn=(404) __mpn_rshift
31 6
+2 6
+2 6
+3 6
+2 6
+2 6
+1 6
+1 6
+1 6
+1 6
+2 6
+3 6
+1 6
+1 6
+1 6
+1 6
+2 6
+1 6
+1 12
+3 6
+1 6
+1 6
+1 6
+1 6
+1 6
+1 6
+1 6
+1 6
+2 6
+1 6
+2 6
+3 6
+3 6
+3 6
+4 6

fl=(97) /build/buildd/glibc-2.19/string/../sysdeps/i386/i686/multiarch/../../i586/strlen.S
fn=(414) __GI_strlen
43 3
+1 3
+2 3
+2 3
+1 3
+15 3
+1 3
+2 3
+1 3
+26 3
+1 3
+2 3
+1 3
+2 3
+1 3
+2 3
+2 3
+2 3
+51 3
+1 3
+2 3
+1 3
+15 3
+3 3

fl=(84) /build/buildd/glibc-2.19/stdio-common/printf_fp.c
fn=(406) hack_digit.13387
219 270
+3 54
-3 54
cfi=(43) /build/buildd/glibc-2.19/string/../sysdeps/i386/i686/multiarch/strcat.S
cfn=(176) 0x001261eb
calls=54 55 
* 108
* 54
+3 108
+2 162
+7 162
+20 270
cfi=(91) /build/buildd/glibc-2.19/stdlib/../sysdeps/i386/mul_1.S
cfn=(400) __mpn_mul_1
calls=54 37 
* 1890
+1 108
+1 230
+4 324
-22 540
cfi=(94) /build/buildd/glibc-2.19/stdlib/divrem.c
cfn=(408) __mpn_divrem
calls=54 56 
* 4098
+1 216
+4 54
-4 54
+1 54
+2 54
+1 324
+17 108

fn=(386) __printf_fp
156 18
+53 3
-53 3
cfi=(43)
cfn=(176)
calls=3 55 
* 6
* 3
+33 3
+2 3
+18 18
+52 9
+2 24
+1 6
+17 15
+42 3
171 3
-1 3
329 3
-2 3
+2 3
-2 3
+47 3
+4 9
cfi=(85) /build/buildd/glibc-2.19/math/../sysdeps/ieee754/dbl-64/s_isnan.c
cfn=(388) isnan
calls=3 28 
* 48
* 9
1242 18
393 9
cfi=(86) /build/buildd/glibc-2.19/math/../sysdeps/ieee754/dbl-64/s_isinf.c
cfn=(390) isinf
calls=3 21 
* 54
* 9
+56 3
+12 3
-12 18
+1 3
+3 12
+1 3
-1 9
+1 3
+1 6
-1 3
+1 3
+7 3
-8 3
+1 3
+7 3
+9 12
+15 45
+41 3
-41 12
+41 6
-7 3
+1 3
+1 6
-1 21
cfi=(89) /build/buildd/glibc-2.19/string/../sysdeps/i386/i686/multiarch/../memcpy.S
cfn=(396) __GI_memcpy
calls=3 40 
* 87
* 3
+15 15
+9 39
+2 114
-56 36
+4 180
-4 3
+4 15
+2 12
+30 12
+2 3
-2 24
cfi=(90) /build/buildd/glibc-2.19/stdlib/mul.c
cfn=(398) __mpn_mul
calls=3 57 
* 255
+4 21
409 27
cfi=(87) /build/buildd/glibc-2.19/stdlib/../sysdeps/ieee754/dbl-64/dbl2mpn.c
cfn=(392) __mpn_extract_double
calls=3 33 
* 102
+4 9
-4 3
+4 6
+68 18
-2 33
cfi=(88) /build/buildd/glibc-2.19/stdlib/../sysdeps/i386/lshift.S
cfn=(394) __mpn_lshift
calls=3 31 
* 84
+3 12
-3 3
+3 12
+1 3
-1 3
+1 3
+1 24
+52 21
cfi=(92) /build/buildd/glibc-2.19/stdlib/cmp.c
cfn=(402) __mpn_cmp
calls=3 38 
* 54
* 12
+3 24
cfi=(89)
cfn=(396)
calls=3 40 
* 90
* 24
cfi=(89)
cfn=(396)
calls=3 40 
* 87
+1 18
+1 24
+1 6
-1 6
+1 24
+6 3
+6 6
-6 3
+6 3
+4 72
+35 15
+16 27
cfi=(93)
cfn=(404)
calls=3 31 
* 108
+2 3
+1 3
-1 6
+1 27
cfi=(93)
cfn=(404)
calls=3 31 
* 108
+2 24
+14 3
806 3
+10 6
-10 3
+10 3
-10 3
+10 9
+2 6
-2 3
+2 3
+10 6
+48 3
-61 3
+61 6
+15 9
-1 12
+7 6
fi=(104) /build/buildd/glibc-2.19/stdio-common/../nptl/sysdeps/pthread/allocalim.h
28 6
fe=(84)
907 18
-9 3
+10 9
+3 12
+3 21
+3 3
-1 3
+1 3
cfn=(406)
calls=3 219 
* 529
* 30
-1 30
+1 30
cfn=(406)
calls=30 219 
* 5144
-3 33
+3 33
-3 45
+6 9
+1 9
+2 6
-4 3
+4 6
+12 3
+1 6
+1 63
+1 6
+3 18
-1 18
+2 18
-1 18
cfn=(406)
calls=18 219 
* 3089
* 18
+1 36
+2 3
+9 12
+1 6
cfn=(406)
calls=3 219 
* 534
+2 3
-2 3
+2 6
+1 3
-1 3
fi=(95) /build/buildd/glibc-2.19/stdio-common/../sysdeps/generic/get-rounding-mode.h
93 3
+1 15
fe=(84)
1072 6
+7 6
+3 9
+13 9
+46 21
+2 21
+2 3
-2 3
+2 21
203 3
1148 6
+7 15
+9 9
+8 12
+2 9
cfi=(97)
cfn=(414)
calls=3 43 
* 72
* 3
+2 9
+5 3
+1 6
-1 3
+2 9
+11 18
+1 9
+6 15
+3 102
+3 102
-6 162
+1 162
+1 21
cfi=(80) /build/buildd/glibc-2.19/string/../sysdeps/i386/i686/multiarch/../mempcpy.S
cfn=(366) __GI_mempcpy
calls=3 40 
* 45
* 6
fi=(95)
94 6
fi=(96) /build/buildd/glibc-2.19/stdio-common/../include/rounding-mode.h
-42 6
fe=(84)
1211 9
-1 3
+18 9
+3 9
+7 12
-88 12
831 3
-1 3
+1 15
+3 9
+2 3
-3 3
-1 3
+4 3
+2 6
-7 3
+5 3
-5 6
1228 12
-76 6
603 6
1228 462
1003 3
831 6
601 3
1177 6
562 12
+2 6
+26 9
1228 162
cfi=(76) /build/buildd/glibc-2.19/libio/genops.c
cfn=(416) __overflow
calls=54 239 
* 3456
* 108

fl=(70) /build/buildd/glibc-2.19/setjmp/../sysdeps/i386/bsd-_setjmp.S
fn=(326) _setjmp
33 1
+1 1
+3 1
+1 1
+1 1
+1 1
+2 2
+2 1
+1 1
+1 1
+2 2
+2 1
+1 1
+2 1
+1 1

fl=(102) /build/buildd/glibc-2.19/nptl/../nptl/sysdeps/unix/sysv/linux/unregister-atfork.c
fn=(466) __unregister_atfork
28 12
cfi=(43)
cfn=(176)
calls=2 +27 
* 4
* 6
+8 2
+3 4
+82 12

fl=(58) /build/buildd/glibc-2.19/csu/init-first.c
fn=(254) _init
52 5
cfi=(43)
cfn=(176)
calls=1 +3 
* 2
* 5
+6 3
+14 1
-2 1
+1 1
+1 1
+14 4
cfi=(59) /build/buildd/glibc-2.19/misc/init-misc.c
cfn=(256) __init_misc
calls=1 -56 
* 102
+13 5
-5 1
cfi=(61) /build/buildd/glibc-2.19/ctype/ctype-info.c
cfn=(260) __ctype_init
calls=1 -65 
* 25
-29 2
-7 1
+7 3

fl=(44) /build/buildd/glibc-2.19/csu/../sysdeps/x86_64/multiarch/init-arch.c
fn=(208) __get_cpu_features
189 8
cfi=(43)
cfn=(176)
calls=4 55 
* 8
* 4
+1 12
+4 12

fn=(178) __init_cpu_features
44 1
+8 1
-8 4
cfi=(43)
cfn=(176)
calls=1 +11 
* 2
* 2
+8 3
+3 1
-3 1
+3 5
+95 2
+1 9
+7 3
+21 1
+1 1
+2 2
+1 6
31 5
+6 1
+1 1
-1 1
-6 2
+32 1
-26 1
+1 1
+25 1
-25 1
+25 1
+1 1
-33 2
+33 1
+5 1
-12 1
+12 1
+3 4
+27 1
-42 1
+42 1

fl=(59)
fn=(256)
30 6
cfi=(43)
cfn=(176)
calls=1 +25 
* 2
* 1
+1 5
+2 3
cfi=(60) /build/buildd/glibc-2.19/string/../sysdeps/i386/i686/multiarch/../../strrchr.S
cfn=(258) __GI_strrchr
calls=1 * 
* 72
+1 2
+4 3
+2 5
-5 3

fl=(60)
fn=(258)
33 1
+3 1
+3 1
+1 1
+2 1
+6 1
+1 1
+1 1
+1 1
+13 1
+1 1
+1 1
+1 1
+1 1
+2 1
+1 1
+1 1
+2 1
+1 1
+98 1
+1 1
+1 1
+11 1
+4 1
+3 1
+1 1
+4 1
+6 1
+2 1
+1 1
+3 1
+1 1
+1 1
+1 1
+2 1
+2 1
+1 1
+1 1
+3 1
+1 1
+1 1
+1 1
+2 1
+1 1
+2 1
+1 1
+3 1
+1 1
+1 1
+1 1
+2 1
+2 1
+1 1
+1 1
+3 1
+1 1
+1 1
+1 1
+2 1
+40 1
+1 1
+8 1
+1 1
+2 1
+1 1
+2 1
+1 1
+2 1
+1 1
+13 1
+3 1
+4 1

fl=(77) /build/buildd/glibc-2.19/libio/filedoalloc.c
fn=(350) _IO_file_doallocate
96 7
cfi=(43)
cfn=(176)
calls=1 -41 
* 2
* 1
+15 9
cfi=(74) /build/buildd/glibc-2.19/libio/fileops.c
cfn=(352) _IO_file_stat
calls=1 1214 
* 27
* 2
+2 4
+11 3
+4 7
cfi=(79) /build/buildd/glibc-2.19/misc/../sysdeps/unix/sysv/linux/i386/mmap.S
cfn=(358) mmap
calls=1 -99 
* 25
* 2
+1 6
cfi=(76)
cfn=(360) _IO_setb
calls=1 399 
* 25
+1 1
+1 6
-13 2
fi=(105) /build/buildd/glibc-2.19/libio/../sysdeps/unix/sysv/linux/sys/sysmacros.h
-77 5
fe=(77)
+77 1
-2 2
+8 1
-3 1
+3 2

fl=(62) /build/buildd/glibc-2.19/libio/oldstdfiles.c
fn=(262) _IO_check_libio
77 3
cfi=(43)
cfn=(176)
calls=1 -22 
* 2
* 1
+1 3
+13 3

fl=(42)
fn=(174)
28 2
cfi=(43)
cfn=(176)
calls=1 +27 
* 2
* 1
+4 1
+1 1
+1 1
cfi=(44)
cfn=(178)
calls=1 +10 
* 74
+1 1
+1 1
+1 1
+1 1
+1 1
+3 1

fl=(85)
fn=(388)
28 3
+2 12
+5 3
-3 6
-1 3
+1 3
+1 3
-1 6
+1 3
+1 3
+1 3

fl=(87)
fn=(392)
33 12
+2 3
+2 3
-4 3
+2 3
+2 3
-4 3
+4 6
+1 6
+3 3
-3 9
+4 3
+14 3
-14 3
+14 3
-15 3
+1 6
+14 3
+47 6
+4 18

fl=(94)
fn=(408)
56 324
cfi=(43)
cfn=(176)
calls=54 -1 
* 108
* 108
+3 216
+40 54
+1 54
+1 54
-44 54
+42 54
+1 54
+2 54
-1 54
-2 54
+4 54
+2 108
+6 324
+25 230
-20 230
+1 46
+4 46
-4 92
+4 46
+20 46
-1 230
+1 138
+5 184
+7 46
+4 184
+1 138
-47 138
+49 108
+1 54
+2 54
+81 324
105 12
+2 12
+1 12

fl=(90)
fn=(398)
57 21
cfi=(43)
cfn=(176)
calls=3 -2 
* 6
* 3
+6 6
+12 3
+1 3
-1 6
+5 6
+1 6
+9 24
cfi=(91)
cfn=(400)
calls=3 -53 
* 129
+2 3
+5 3
-5 12
+1 3
+4 3
+54 18

fl=(73) /build/buildd/glibc-2.19/string/../sysdeps/i386/strchrnul.S
fn=(340) strchrnul
34 12
+4 12
+1 12
+6 12
+1 12
+1 12
+1 12
+13 12
+1 12
+1 6
+1 6
+1 6
+1 6
+1 6
+1 6
+2 6
+1 6
+1 3
+1 3
+1 3
+1 3
+1 3
+47 9
+1 9
+2 9
+1 9
+10 9
+4 9
+3 9
+1 9
+4 9
+6 3
+1 3
+1 3
+3 3
+90 9
+1 9
+20 12
+4 12

fl=(86)
fn=(390)
21 3
+2 12
+4 3
-3 12
+1 9
+1 12
+1 3

fl=(65) /build/buildd/glibc-2.19/elf/dl-altinit.c
fn=(272) dlinit_alt
41 2
cfi=(43)
cfn=(176)
calls=1 +14 
* 2
* 1
-8 4
+10 2

fl=(81) /build/buildd/glibc-2.19/io/../sysdeps/unix/syscall-template.S
fn=(374) __write_nocancel
81 36
cob=(1)
cfi=(1)
cfn=(356)
calls=6 -81 
* 12
* 24

fn=(372) write
81 12
cfn=(374)
calls=6 * 
* 72

fl=(89)
fn=(396)
40 9
+1 9
+1 9
+1 9
+2 9
+1 9
+1 9
+1 9
+1 9
+1 9
+2 9
+1 9
+2 9
+1 9
+11 9
+1 9
+1 9
+1 9
+1 39
+2 9
+1 9
+2 9
+2 9
+1 9
+1 9
+2 9

fl=(79)
fn=(358)
29 1
+2 1
+2 1
+2 1
+3 1
+2 1
+1 1
+1 1
+2 1
+2 1
+2 1
+1 1
+1 1
+1 1
+2 1
+3 1
cob=(1)
cfi=(1)
cfn=(356)
calls=1 -56 
* 2
+3 1
+3 1
+3 1
+3 1
+5 1
+1 1
+3 1

fl=(43)
fn=(176)
55 624

fl=(72) /build/buildd/glibc-2.19/stdio-common/vfprintf.c
fn=(338) vfprintf
222 6
+35 6
-35 30
cfi=(43)
cfn=(176)
calls=6 55 
* 12
* 18
+35 6
1278 6
257 18
1278 43
+4 36
+4 12
+1 36
+6 12
+11 12
fi=(106) /build/buildd/glibc-2.19/stdio-common/printf-parse.h
108 24
cfi=(73)
cfn=(340)
calls=6 -74 
* 132
fe=(72)
1319 12
fi=(106)
108 6
fe=(72)
1315 6
+4 48
+1 84
+3 60
cfi=(74)
cfn=(342) _IO_file_xsputn@@GLIBC_2.1
calls=6 -50 
* 120
* 12
2077 30
+3 6
+1 36
1278 10
2081 6
1286 24
+41 18
+4 60
270 6
-6 6
-3 6
1308 6
-8 6
227 12
1379 48
-4 6
+1 6
-18 6
+1 6
+1 6
+1 6
+1 6
+1 6
+1 6
+1 6
+1 6
+1 6
+1 6
+3 6
+1 12
2077 30
+1 18
1379 36
1661 12
+8 24
fi=(106)
108 18
cfi=(73)
cfn=(340)
calls=6 -74 
* 174
fe=(72)
1673 12
-4 6
+4 54
cfi=(74)
cfn=(342)
calls=6 1273 
* 1452
* 6
-10 6
+10 30
2070 12
+2 18
+2 18
1641 153
cfi=(74)
cfn=(342)
calls=3 1273 
* 982
* 225
cfi=(84)
cfn=(386)
calls=3 156 
* 17678
* 36
-27 39
-1 6
+28 6
+32 30
+2 6
-2 6
+2 6
-34 30
cfi=(75) /build/buildd/glibc-2.19/stdio-common/_itoa.c
cfn=(344) _itoa_word
calls=3 165 
* 330
* 126

fl=(80)
fn=(366)
40 11
+1 11
+2 11
+1 11
+2 11
+1 11
+1 11
+1 11
+1 11
+1 11
+1 11
+1 2
+1 13
+2 11
+2 11
+3 11

fl=(76)
fn=(360)
399 10
cfi=(43)
cfn=(176)
calls=2 55 
* 4
* 2
+1 10
+2 4
+1 4
+1 6
+3 2
+1 4
-3 2
+3 4

fn=(364) _IO_default_xsputn
447 1
+4 1
-4 4
+3 1
-3 1
cfi=(43)
cfn=(176)
calls=1 55 
* 2
* 3
+3 4
+5 32
+25 72
cfi=(74)
cfn=(346) _IO_file_overflow@@GLIBC_2.1
calls=7 816 
* 301
* 21
+2 7
-2 7
+3 7
+1 2
+1 6

fn=(510) _IO_flush_all_lockp
822 7
cfi=(43)
cfn=(176)
calls=1 55 
* 2
* 1
+6 3
+6 1
-1 1
-10 1
+12 2
+4 3
-1 1
-1 1
+1 3
-1 2
+1 2
+3 9
+10 6
+4 3
-2 3
+2 6
-20 6
+31 2
+2 3
+4 7
-10 6
-21 9

fn=(514) _IO_default_setbuf
557 5
+1 4
cfi=(74)
cfn=(516) _IO_file_sync@@GLIBC_2.1
calls=1 878 
* 22
* 2
+2 2
+2 1
+1 7
cfn=(360)
calls=1 399 
* 27
+7 1
+2 1
-2 2
+1 3
+2 4

fn=(416)
239 270
cfi=(43)
cfn=(176)
calls=54 55 
* 108
* 54
+2 162
+2 324
cfi=(74)
cfn=(346)
calls=54 816 
* 2322
+1 216

fn=(508) _IO_cleanup
1010 5
cfi=(43)
cfn=(176)
calls=1 55 
* 2
* 2
+3 1
-51 1
+51 1
cfn=(510)
calls=1 822 
* 90
-63 2
+63 1
-63 2
+2 9
+2 2
-1 4
+3 4
+6 16
+8 5
+10 6
cfi=(74)
cfn=(512) _IO_file_setbuf@@GLIBC_2.1
calls=1 453 
* 109
+3 2
+7 3
-40 9
+75 7
-53 1
+5 1
-5 1
+2 1
+1 1
-1 1
+2 1
+1 1
-1 1
+1 2
+6 3
+1 8

fn=(348) _IO_doallocbuf
414 3
+1 3
+6 3
-4 2
+1 4
cfi=(77)
cfn=(350)
calls=1 96 
* 141
* 2

fl=(71) /build/buildd/glibc-2.19/stdio-common/printf.c
fn=(336) printf
28 18
cfi=(43)
cfn=(176)
calls=6 +27 
* 12
* 6
+4 6
+1 42
cfi=(72)
cfn=(338)
calls=6 222 
* 22718
+4 18

fl=(99) /build/buildd/glibc-2.19/stdlib/cxa_thread_atexit_impl.c
fn=(422) __call_tls_dtors
82 5
cfi=(43)
cfn=(176)
calls=1 -27 
* 2
* 1
+1 1
-1 1
+1 2
cob=(1)
cfi=(38)
cfn=(430)
calls=1 769 
* 19
cob=(1)
cfi=(51)
cfn=(202)
calls=1 -55 
* 1221
* 5
* 2
+3 1
-3 3
+18 6

fl=(63) /build/buildd/glibc-2.19/string/../sysdeps/x86_64/cacheinfo.c
fn=(264) init_cacheinfo
550 5
cfi=(43)
cfn=(176)
calls=1 55 
* 2
* 2
+13 3
+7 2
+2 2
+3 1
-3 1
cfn=(266) handle_intel
calls=1 305 
* 1176
+4 1
-4 1
+4 2
cfn=(266)
calls=1 305 
* 1193
+2 1
-2 1
+2 1
+11 2
+18 4
+7 1
-7 1
+7 3
+9 15
-9 12
+6 4
-6 5
+6 2
+49 4
+75 2
+2 3
+3 2
+1 2
-3 1
+3 1
+1 1
+3 2
+2 1
+1 1
-1 1
+3 1
-3 1
+4 2
+1 1
-1 1
+3 6
-93 5
-45 2
+6 6
+26 3
-75 2
-1 1
+1 1
cfn=(266)
calls=1 305 
* 930
* 2

fn=(266)
305 12
+1 3
-1 3
+1 3
+16 3
-3 6
+1 6
-3 3
+11 6
+12 18
cfn=(268) intel_check_word
calls=3 161 
* 1203
+1 6
+3 15
cfn=(268)
calls=3 161 
* 933
+1 6
+3 15
cfn=(268)
calls=3 161 
* 96
+1 6
+3 15
cfn=(268)
calls=3 161 
* 870
+1 6
-31 4
+6 12
+5 3
-5 9
+5 3
+2 3
+1 3
-1 6
+22 1
+4 1
-4 3
+1 2
+4 15

fn=(268)
161 72
cfi=(43)
cfn=(176)
calls=12 55 
* 24
* 12
+1 12
-1 24
+1 12
+6 96
+2 12
-2 12
+2 51
+2 9
+2 18
-2 21
+2 42
+8 60
+53 66
+21 2
fi=(64) /build/buildd/glibc-2.19/string/../bits/stdlib-bsearch.h
27 30
+1 120
+3 246
-2 126
+2 126
-2 126
+2 228
fe=(63)
150 114
fi=(64)
32 114
fe=(63)
150 228
fi=(64)
31 82
fe=(63)
150 82
fi=(64)
32 82
fe=(63)
150 164
+3 189
fi=(64)
37 63
-8 63
+8 63
-8 63
fe=(63)
295 26
170 78
-6 10
300 60
-25 28
+14 10
+1 2
+5 2
-5 2
170 8
277 4
+2 4
+2 2
+19 12

fl=(69) /build/buildd/glibc-2.19/stdlib/cxa_atexit.c
fn=(306) __new_exitfn
73 1
+6 1
-6 1
+6 1
-6 4
cfi=(43)
cfn=(176)
calls=1 -18 
* 2
* 1
+6 4
+2 5
-7 3
+9 3
-2 2
+10 1
-10 2
+45 1
+1 2
+3 4
+3 7
-21 1
+1 2

fn=(304) __cxa_atexit
57 2
cfi=(43)
cfn=(176)
calls=1 -2 
* 2
* 2
-22 3
cfn=(306)
calls=1 +38 
* 48
+2 2
+4 3
+2 1
+1 2
+1 2
+2 1
+1 1
+11 3

fl=(45)
fn=(180)
27 2
cfi=(43)
cfn=(176)
calls=1 +28 
* 2
* 1
+4 1
+1 1
+2 1
+1 1
+1 1
+1 1
+1 1
+1 1
+4 1
+3 1

fl=(101)
fn=(464)
31 10
cfi=(43)
cfn=(176)
calls=2 +24 
* 4
* 6
+4 8
+4 20
-4 10
+32 8
+4 16
-4 6
+12 4
+1 2
+2 10
-2 2
cfi=(102)
cfn=(466)
calls=2 -52 
* 40

fl=(46)
fn=(182)
36 2
cfi=(43)
cfn=(176)
calls=1 +19 
* 2
* 1
+3 1
+1 1
+3 1
+1 1
+1 1
+1 1
+16 1
+1 1
+2 1

fl=(68) /build/buildd/glibc-2.19/csu/libc-start.c
fn=(302) (below main)
133 5
cfi=(43)
cfn=(176)
calls=1 -78 
* 2
* 4
+4 4
+82 1
-82 1
+82 1
+1 4
cfi=(69)
cfn=(304)
calls=1 57 
* 72
+22 4
+3 2
+1 8
cob=(6)
cfi=(67)
cfn=(308) __libc_csu_init
calls=1 0 
* 60

ob=(1)
fl=(22)
fn=(128)
2207 102
cfi=(25)
cfn=(72)
calls=17 40 
* 289
+3 34
+3 51
+3 170
cfn=(108) open_verify
calls=17 1873 
* 816
* 17
+2 51
+26 4
+2 2
-46 4
+85 12
+5 2
+2 2
-2 2
+2 8
+3 6
-13 2
+27 12
-84 48
+1 96
+6 96
+2 80
cfi=(35)
cfn=(130)
calls=16 33 
* 285
* 32
+1 4
+2 30
+7 32
-5 3

fn=(70)
1512 56

fn=(108)
1873 120
cfi=(3)
cfn=(4)
calls=20 130 
* 40
* 120
+36 60
+21 80
cfi=(24)
cfn=(110)
calls=20 81 
* 319
+1 20
-1 20
+1 20
+11 6
+5 3
-6 3
+1 3
+5 27
cfi=(24)
cfn=(112)
calls=3 81 
* 30
+2 6
+2 6
+2 3
-2 6
+2 3
+6 6
+16 21
cfi=(14)
cfn=(30)
calls=3 46 
* 113
* 6
+2 6
-2 6
+4 21
cfi=(14)
cfn=(30)
calls=3 46 
* 108
-4 6
+75 9
+5 6
+3 15
+5 6
+7 3
+1 6
-1 6
+1 9
+1 9
+15 117
+2 53
+4 18
+1 9
+13 6
+1 3
-1 3
+1 6
-2 3
+4 9
+5 2
+1 2
-13 10
cfi=(14)
cfn=(30)
calls=2 46 
* 78
* 15
cfi=(14)
cfn=(30)
calls=3 46 
* 102
* 14
+16 4
+5 2
-2 2
+1 2
+1 2
+1 6
+1 8
-4 2
+1 2
-1 2
+2 2
-1 6
-1 2
+4 4
+5 17
+23 114
2006 3
+81 7
+67 6
1975 10
cfi=(14)
cfn=(30)
calls=2 46 
* 62
* 4

fn=(104)
2317 42
+7 6
-7 6
cfi=(3)
cfn=(4)
calls=6 130 
* 12
* 12
+7 12
+1 18
+3 48
+12 30
-12 45
+5 54
+1 36
+2 54
cfi=(31)
cfn=(106)
calls=18 288 
* 1363
* 39
2607 18
2362 6
+10 18
+26 6
-2 3
+2 3
cfi=(27)
cfn=(76)
calls=3 45 
* 229
* 6
2538 8
cfn=(82)
calls=1 415 
* 517
+1 1
-3 1
+3 2
+4 7
cfn=(108)
calls=1 1873 
* 318
+3 1
-3 1
+3 1
+12 12
+2 3
-2 3
+2 3
+44 6
+1 48
cfn=(114)
calls=3 923 
* 5186
+2 18
2402 4
cfi=(11)
cfn=(22)
calls=2 43 
* 96
* 2
+2 2
-2 2
+2 2
+7 12
+35 4
+1 38
cfn=(128)
calls=2 2168 
* 3096
* 6
+6 14
+1 4
691 6
2530 4
-95 4
+21 2
+6 8
+2 6
+4 4
cfi=(36)
cfn=(132) _dl_load_cache_lookup
calls=2 182 
* 3281
+2 2
-2 2
+2 2
+4 8
+8 4
+22 26
cfn=(108)
calls=2 1873 
* 842
+3 6
+2 4
cfn=(84)
calls=2 160 
* 391
+1 4
-1 2
+1 2
-74 16
691 2
2437 2
691 4
2415 4
+1 2
-1 8
+5 6
691 2
2421 2
691 4
2341 45
+3 6
+1 12
+1 18
cfi=(19)
cfn=(54)
calls=6 30 
* 117
* 12

fn=(82)
415 14
cfi=(3)
cfn=(4)
calls=2 130 
* 4
* 6
+10 4
-10 2
+10 2
cfi=(27)
cfn=(76)
calls=2 45 
* 366
* 4
+15 2
-11 2
+11 8
-11 2
cfn=(84)
calls=2 160 
* 389

fl=(17)
fn=(40)
93 78
cfi=(3)
cfn=(4)
calls=26 +37 
* 52
* 26
+1 104
cfn=(44)
calls=26 -43 
* 994
* 26
+1 78

fn=(36)
102 70
cfi=(3)
cfn=(4)
calls=10 +28 
* 20
* 10
+7 10
-3 10
+3 10
-3 10
+3 20
+4 20
cfn=(40)
calls=10 -20 
* 535
* 10
+1 50

fn=(88)
119 3
cfi=(3)
cfn=(4)
calls=1 +11 
* 2
* 3
+2 2
+7 4

fn=(44)
51 108
cfi=(3)
cfn=(4)
calls=27 +79 
* 54
* 108
+1 107
+11 26
+1 26
-1 26
+3 52
-3 26
+3 26
-3 1
+1 1
-1 1
+3 2
-3 1
+3 97
+4 12
+1 9
+6 21
cfi=(26)
cfn=(74)
calls=3 -48 
* 69
+2 15
+4 9
+3 3
+1 3
+2 18
-3 24
+1 24
+2 192
-31 3
+1 1
-2 3

fn=(80)
335 28
cfi=(3)
cfn=(4)
calls=4 130 
* 8
* 4
+3 16
+2 8
+1 4
-1 4
+1 4
+4 187
+7 472
-2 236
+10 59
-15 179
+18 4
+4 28

fl=(25)
fn=(72)
40 53
+1 53
+2 53
+1 53
+2 53
+1 53
+1 53
+1 53
+1 15
+1 15
+1 15
-1 38
+1 38
+1 35
+1 163
+2 53
+2 53
+3 53

fl=(100) /build/buildd/glibc-2.19/elf/dl-fini.c
fn=(434) _dl_sort_fini
32 8
cfi=(3)
cfn=(4)
calls=1 +98 
* 2
* 1
+2 1
-2 4
+2 1
+5 3
+1 1
-1 1
+1 4
-1 1
+1 1
+1 4
cfi=(33)
cfn=(118)
calls=1 +7 
* 23
* 6
+15 3
+62 4
+3 30
cfi=(33)
cfn=(118)
calls=3 -73 
* 73
* 18
-76 9
+1 15
-1 3
+1 9
+4 9
+71 3
-76 3
+1 5
-1 1
+1 3
+4 11
+6 4
+1 4
-1 4
+1 13
+2 6
+1 6
-1 6
+1 9
+3 21
-1 30
+31 18
+21 12
-57 18
+61 13
+7 6

fn=(432) _dl_fini
131 6
cfi=(3)
cfn=(4)
calls=1 -1 
* 2
* 4
+19 1
-6 1
-1 3
+10 14
+86 3
-83 4
cfi=(2)
cfn=(50)
calls=1 836 
* 3
+3 2
+3 2
+2 6
+7 1
+4 1
-4 2
+4 2
+2 3
+3 7
+3 3
+10 10
+2 10
+2 5
+1 5
+1 5
+4 5
-12 15
+14 3
+5 7
cfn=(434)
calls=1 32 
* 430
+9 1
-9 1
+9 2
cfi=(2)
cfn=(52)
calls=1 842 
* 3
+4 4
+2 3
+2 3
-2 12
+2 12
+3 10
+3 15
+4 6
+7 6
+4 3
+1 3
-1 3
+1 3
-1 3
+1 3
+2 18
+1 3
cob=(4)
cfi=(66) ???
cfn=(482) 0x00004910
calls=1 0 
* 1199
cob=(5)
cfi=(57)
cfn=(450)
calls=1 0 
* 918
cob=(6)
cfi=(67)
cfn=(436) 0x080484a0
calls=1 0 
* 14
-1 9
+5 9
+1 9
cob=(2) ???
cfi=(16) ???
cfn=(504) 0x0406f3dc
calls=1 0 
* 9
cob=(2)
cfi=(16)
cfn=(478) 0x0402461c
calls=1 0 
* 9
cob=(2)
cfi=(16)
cfn=(446) 0x080486f4
calls=1 0 
* 9
+5 35
-39 10
+55 5
-55 11
-70 2
283 6
-49 6
+55 2
+7 6

fl=(10)
fn=(18)
33 3
cfi=(3)
cfn=(4)
calls=1 +97 
* 2
* 1
+4 5
+2 1
+8 1
-6 2
+7 2

fl=(31)
fn=(134) _dl_sysdep_read_whole_file
45 7
cfi=(3)
cfn=(4)
calls=1 +85 
* 2
* 2
+7 3
cfi=(24)
cfn=(110)
calls=1 +29 
* 10
+1 1
-1 1
+1 1
+2 5
cfi=(32)
cfn=(116)
calls=1 -22 
* 15
* 2
+2 1
+3 1
-3 1
+3 1
+13 2
cfi=(24)
cfn=(122)
calls=1 +8 
* 8
+3 7
-14 7
cfi=(26)
cfn=(74)
calls=1 -33 
* 23
* 2

fn=(106)
288 540
cfi=(3)
cfn=(4)
calls=90 130 
* 180
* 180
+1 360
cfi=(19)
cfn=(54)
calls=90 30 
* 817
* 180
+3 90
+2 180
+4 90
-4 180
+1 392
cfi=(19)
cfn=(54)
calls=98 30 
* 1899
* 196
+6 8
-11 8
+11 114
-1 82
+1 328

fl=(30)
fn=(100)
30 6
+3 6
+1 6
+1 6
+1 6
+4 6
+1 6
+1 6
+4 6
+1 6
+4 6
+1 6

fl=(36)
fn=(220)
308 2
cfi=(3)
cfn=(4)
calls=1 130 
* 2
* 2
+1 4
+2 4
cfi=(48)
cfn=(222)
calls=1 81 
* 9
+1 1
+2 3

fn=(132)
182 10
cfi=(3)
cfn=(4)
calls=2 -52 
* 4
* 6
+8 4
+3 6
+45 3
+6 8
+9 2
+2 2
-2 4
fi=(37) /build/buildd/glibc-2.19/elf/../sysdeps/i386/dl-procinfo.h
100 8
+3 6
cfi=(19)
cfn=(54)
calls=2 -73 
* 32
* 18
cfi=(19)
cfn=(54)
calls=6 -73 
* 142
* 16
-2 24
fe=(36)
259 8
cfi=(24)
cfn=(68)
calls=2 81 
* 32
* 2
+4 16
+15 275
cfn=(138) _dl_cache_libcmp
calls=18 138 
* 1935
* 88
fi=(37)
104 2
fe=(36)
257 20
-61 4
cfi=(31)
cfn=(134)
calls=1 45 
* 102
+8 1
-8 1
+8 4
+1 5
cfi=(14)
cfn=(30)
calls=1 46 
* 40
* 2
+7 1
-3 1
+3 2
+3 1
+1 2
-1 1
+1 1
+1 5
cfi=(14)
cfn=(30)
calls=1 46 
* 43
* 2
+2 2
+59 36
cfn=(138)
calls=2 138 
* 216
* 10
-15 2
+15 2
-15 8
+15 32
-15 4
+15 2
-14 2
-1 4
+15 52
+16 4
+5 14

fn=(138)
138 120
+1 88
+2 97
+2 97
-2 194
+2 12
+7 2
-1 6
+1 2
-1 2
+1 6
+1 6
-2 2
+2 2
+2 10
+2 4
+6 475
+2 380
+4 77
-28 77
+29 77
-29 233
+32 2
+1 8
-1 2
+1 2
-19 6
+11 18
+8 18
-8 36
+8 18
-8 18
+8 54

fl=(51)
fn=(202)
28 7
+2 7
+2 7
+2 7
+1 7
+1 7
cfi=(52)
cfn=(204)
calls=7 +30 
* 7128
+1 7
+2 7
+1 7
+1 7
+1 7

fl=(7)
fn=(12)
859 15
-3 25
+7 5
-7 5
cfi=(3)
cfn=(4)
calls=5 130 
* 10
* 5
+11 10
+2 5
-1 5
+3 15
+1 5
+1 10
+7 5
-5 5
-2 5
+3 5
+2 5
+1 5
+1 10
+14 30

fn=(172) check_match.9377
131 679
+1 97
+2 97
-3 97
cfi=(3)
cfn=(4)
calls=97 -1 
* 194
* 97
+1 97
+2 194
+2 291
-2 194
+12 291
+3 338
cfi=(19)
cfn=(54)
calls=24 30 
* 2147
* 48
+5 97
-1 97
+1 97
-1 97
+1 97
+2 188
+19 188
+1 658
+3 95
+43 582
-18 6
+2 6
+1 3
-1 3
+1 3
-1 3
+1 6
-1 6
+4 4
+1 10
-34 564
cfi=(19)
cfn=(54)
calls=94 30 
* 7208
* 282
+36 4

fn=(170) do_lookup_x
82 642
-5 214
+5 321
cfi=(3)
cfn=(4)
calls=107 +48 
* 214
* 214
-5 749
+11 107
+1 107
-1 107
229 321
114 428
-16 107
-3 107
+1 107
+2 214
+3 107
-3 107
+3 107
-3 335
-3 335
+1 335
+2 670
+3 335
-3 335
+3 335
+4 884
+4 884
+4 884
+6 1768
+4 442
225 442
123 442
226 442
123 442
+1 1326
226 442
+4 884
+3 884
-5 442
+5 1326
+4 884
-1 884
+1 442
-1 884
+21 347
+24 694
461 2937
+1 102
cfi=(31)
cfn=(106)
calls=51 288 
* 2897
* 153
+3 1035
+4 10
-1 10
+1 50
281 2
+2 4
+3 825
+17 291
+1 291
+1 97
469 582
290 36
-50 327
-1 218
+2 218
+2 107
+6 107
-6 107
+6 321
+4 372
-7 1095
+2 388
+1 97
-1 194
+1 291
cfn=(172)
calls=97 131 
* 15165
+1 198
+22 214

fn=(168)
714 321
475 107
714 535
476 214
714 107
cfi=(3)
cfn=(4)
calls=107 130 
* 214
* 214
476 321
+1 107
-1 107
+1 321
-1 321
+1 1337
-1 1337
+1 4011
-1 4011
724 107
-4 107
-4 107
+8 107
-7 214
+7 295
+5 107
+2 107
-2 107
+2 107
-2 107
+6 107
-7 107
+7 107
-7 1070
+15 10
-8 40
+2 2247
cfn=(170)
calls=107 82 
* 51770
+3 214
+26 428
+22 194
+1 679
+26 97
+9 485
+14 291
+3 388
+5 194
+2 642
-80 80
+16 20
+1 20
+54 2

fl=(56)
fn=(232) call_init.part.0
34 35
+8 5
+3 5
-11 5
cfi=(3)
cfn=(4)
calls=5 +96 
* 10
* 5
+8 10
+3 15
+5 12
+5 6
+8 6
+1 24
cob=(2)
cfi=(16)
cfn=(274) 0x040414a4
calls=1 -64 
* 12
cob=(3)
cfi=(58)
cfn=(254)
calls=1 -12 
* 162
cob=(2)
cfi=(16)
cfn=(234) 0x04024370
calls=1 -64 
* 12
+3 3
+1 6
+6 3
+2 6
-2 6
+3 3
-3 3
+3 9
+1 18
cob=(4)
cfi=(66)
cfn=(280) 0x00004960
calls=1 -78 
* 36
cob=(3)
cfi=(62)
cfn=(262)
calls=1 -1 
* 12
cob=(5)
cfi=(57)
cfn=(242)
calls=1 -78 
* 35
* 12
cob=(3)
cfi=(65)
cfn=(272)
calls=1 -37 
* 11
cob=(3)
cfi=(63)
cfn=(264)
calls=1 550 
* 3428
-1 15
+3 24
-29 3
+29 6
-34 3

fn=(230)
86 6
cfi=(3)
cfn=(4)
calls=1 +44 
* 2
* 2
+1 1
-1 1
+2 1
-2 1
+5 3
+7 2
+26 2
+1 23
+1 10
-90 34
cfn=(232)
calls=4 -2 
* 3858
* 4
+96 6
-96 8
cfn=(232)
calls=1 -2 
* 108

ob=(3)
fl=(68)
fn=(302)
250 4
+15 2
+9 3
cfi=(70)
cfn=(326)
calls=1 33 
* 17
+1 2
+5 2
+1 2
+3 2
+3 8
cob=(6)
cfi=(67)
cfn=(328) main
calls=1 0 
* 2095455588
+34 2
cfi=(98) /build/buildd/glibc-2.19/stdlib/exit.c
cfn=(418) exit
calls=1 103 
* 4600
137 2

fl=(78) /build/buildd/glibc-2.19/io/../sysdeps/unix/sysv/linux/fxstat64.c
fn=(354) __fxstat64@@GLIBC_2.2
33 1
+2 1
-2 1
cfi=(43)
cfn=(176)
calls=1 +22 
* 2
* 1
+2 4
cob=(1)
cfi=(1)
cfn=(356)
calls=1 -35 
* 2
* 3
+6 2

fl=(103) /build/buildd/glibc-2.19/posix/../sysdeps/unix/sysv/linux/i386/_exit.S
fn=(518) _Exit
24 1
+4 1
+1 1

fl=(74)
fn=(516)
878 5
cfi=(43)
cfn=(176)
calls=1 55 
* 2
* 1
+5 4
+2 1
+1 2
+17 3
+4 4

fn=(352)
1214 1
+1 7
cfi=(78)
cfn=(354)
calls=1 33 
* 17
+1 2

fn=(512)
453 3
+1 1
-1 1
cfi=(43)
cfn=(176)
calls=1 55 
* 2
* 2
+1 5
cfi=(76)
cfn=(514)
calls=1 557 
* 81
* 2
+4 2
-1 2
+2 3
+2 1
+1 4

fn=(346)
816 476
cfi=(43)
cfn=(176)
calls=68 55 
* 136
* 136
+1 204
+7 404
+35 136
+3 122
+3 244
+1 183
+1 244
+4 122
+1 408
-45 3
+12 2
+9 4
+4 1
+4 1
-3 2
+2 2
+1 1
-6 1
+1 1
+4 1
+1 3
+1 2
+4 7
-1 7
+1 7
-1 21
cfn=(362) _IO_do_write@@GLIBC_2.1
calls=7 501 
* 663
* 7
-31 2
cfi=(76)
cfn=(348)
calls=1 414 
* 158
+1 6

fn=(368) new_do_write
513 36
+2 12
+15 42
cfn=(370) _IO_file_write@@GLIBC_2.1
calls=6 1246 
* 300
* 6
+1 18
+6 6
-4 6
+4 6
-4 18
+1 12
+3 6
-2 6
-5 6
+9 30
-17 6
+3 6
-3 18
+14 12

fn=(342)
1273 15
+7 15
-7 90
cfi=(43)
cfn=(176)
calls=15 55 
* 30
* 30
+6 30
+7 36
+17 4
+4 42
+5 48
cfi=(80)
cfn=(366)
calls=8 40 
* 124
* 8
+5 8
-5 8
+6 24
+2 24
+27 18
+1 90
-45 2
+17 3
+4 35
cfn=(346)
calls=7 816 
* 1094
* 14
+6 7
+1 7
-1 7
+1 35
+2 21
+11 14
+1 5
cfi=(76)
cfn=(364)
calls=1 447 
* 472
* 2
-57 24
+1 16
+3 32
+2 64
-2 32
+4 24

fn=(370)
1246 24
+2 6
-2 12
+2 24
+11 6
+1 6
-12 12
+5 42
cfi=(81)
cfn=(372)
calls=6 81 
* 84
+1 12
+9 24
+3 48

fn=(362)
501 7
+2 7
-2 14
+2 38
cfn=(368)
calls=6 +10 
* 552
* 24
+1 21

fl=(88)
fn=(394)
31 3
+2 3
+2 3
+3 3
+2 3
+2 3
+1 3
+1 3
+2 3
+3 3
+1 3
+1 3
+1 3
+1 3
+2 3
+1 3
+8 3
+1 3
+1 3
+1 3
+1 3
+2 3
+1 3
+2 3
+3 3
+3 3
+3 3
+4 3

fl=(47)
fn=(184)
28 2
cfi=(43)
cfn=(176)
calls=1 +27 
* 2
* 1
+4 1
+1 1
+2 1
+1 1
+1 1
+1 1
+1 1
+3 1

fl=(91)
fn=(400)
37 57
+2 57
+2 57
+2 57
+3 57
+2 57
+2 57
+1 57
+2 57
+1 57
+1 57
+1 114
+4 57
+1 57
+1 57
+1 57
+1 57
+1 57
+2 57
+1 57
-8 60
+1 60
+1 60
+1 60
+1 60
+1 60
+2 60
+1 60
+1 57
+2 57
+3 57
+3 57
+3 57
+4 57

fl=(61)
fn=(260)
29 1
+2 1
-2 2
cfi=(43)
cfn=(176)
calls=1 +26 
* 2
* 1
+2 7
+2 4
+2 4
+1 3

fl=(75)
fn=(344)
165 12
+3 3
-3 3
cfi=(43)
cfn=(176)
calls=3 55 
* 6
* 12
+3 12
+2 6
+9 258
+9 18

fl=(98)
fn=(418)
103 2
cfi=(43)
cfn=(176)
calls=1 -48 
* 2
* 2
+1 6
cfn=(420) __run_exit_handlers
calls=1 -69 
* 4588

fn=(420)
35 5
cfi=(43)
cfn=(176)
calls=1 +20 
* 2
* 6
+5 1
cfi=(99)
cfn=(422)
calls=1 +42 
* 1269
* 1
+6 6
+4 3
-4 3
+4 3
+4 1
-1 1
-1 1
+2 4
+33 1
+1 1
-1 1
+1 1
+6 2
+1 5
cfi=(76)
cfn=(508)
calls=1 1010 
* 305
* 3
+2 2
cfi=(103)
cfn=(518)
calls=1 -73 
* 3
-17 1
+2 2
-2 2
+2 2
cob=(1)
cfi=(100)
cfn=(432)
calls=1 +49 
* 2950
+1 1

fl=(92)
fn=(402)
38 6
+4 3
-4 6
+4 6
+2 3
+1 3
+1 6
+8 12
+1 9

ob=(1)
fl=(56)
fn=(230)
36 1
+58 2

ob=(4)
fl=(55)
fn=(214)
25 2
cfi=(50) /build/buildd/glibc-2.19/csu/../sysdeps/i386/crti.S
cfn=(194) __x86.get_pc_thunk.bx
calls=1 +41 
* 2
* 3
cob=(3)
cfi=(44)
cfn=(208)
calls=1 189 
* 11
* 1
* 6

fl=(66)
fn=(496) 0x00004880
0 4
cfi=(50)
cfn=(194)
calls=1 66 
0 2
0 11

fn=(280)
0 4
cfi=(50)
cfn=(194)
calls=1 66 
0 2
0 19
cfi=(50)
cfn=(194)
calls=1 66 
0 2
0 9

fn=(482)
0 4
cfi=(50)
cfn=(194)
calls=1 66 
0 2
0 10
cob=(3)
cfi=(101)
cfn=(464)
calls=1 31 
0 73
cob=(1)
cfi=(51)
cfn=(202)
calls=1 28 
0 1082
0 5
0 1
cfn=(496)
calls=1 0 
0 17
0 5

fl=(53)
fn=(210)
25 2
cfi=(50)
cfn=(194)
calls=1 +41 
* 2
* 3
cob=(3)
cfi=(44)
cfn=(208)
calls=1 189 
* 11
* 1
* 6

fl=(54)
fn=(212)
25 2
cfi=(50)
cfn=(194)
calls=1 +41 
* 2
* 3
cob=(3)
cfi=(44)
cfn=(208)
calls=1 189 
* 11
* 1
* 6

fl=(83) /build/buildd/glibc-2.19/math/../sysdeps/i386/fpu/e_sqrt.S
fn=(384) __sqrt_finite
9 32997003
+1 32997003
+2 65994006
+1 32997003
+1 32997003
+1 32997003
+1 32997003
+1 32997003
+1 32997003
+1 32997003
+2 32997003

fl=(82) /build/buildd/glibc-2.19/math/../math/w_sqrt.c
fn=(382) sqrt
26 98991009
+1 32997003
-1 32997003
cfi=(50)
cfn=(194)
calls=32997003 +40 
* 65994006
* 32997003
+1 65994006
+3 65994006
cfi=(83)
cfn=(384)
calls=32997003 -21 
* 395964036
+1 98991009

fl=(49)
fn=(192)
25 2
cfi=(50)
cfn=(194)
calls=1 +41 
* 2
* 3
cob=(3)
cfi=(44)
cfn=(208)
calls=1 189 
* 11
cob=(1)
cfi=(51)
cfn=(202)
calls=1 +3 
* 1172
* 5
* 6

fl=(50)
fn=(194)
66 65994026

ob=(6)
fl=(67)
fn=(310) __x86.get_pc_thunk.bx
0 6

fn=(330) fibonacci
0 45
cfn=(331) fibonacci'2
calls=3 0 
0 458923414
0 21
cfn=(331)
calls=3 0 
0 283630236
0 18

fn=(331)
0 447274848
cfn=(331)
calls=18454924 0 
0 9814144995
0 129184468
cfn=(331)
calls=18454924 0 
0 5937779130
0 166094334

fn=(440) 0x08048430
0 5

fn=(318) 0x080484c0
0 14

fn=(294)
0 13
cob=(3)
cfi=(68)
cfn=(302)
calls=1 133 
0 2095460402
cob=(1)
cfi=(51)
cfn=(202)
calls=1 28 
0 1144
0 5

fn=(376) sumOfRoots
0 164985039
cob=(4)
cfi=(82)
cfn=(382)
calls=32997003 26 
0 890919081
cob=(1)
cfi=(51)
cfn=(202)
calls=1 28 
0 805
0 32997007
0 263976042

fn=(308)
0 6
cfn=(310)
calls=1 0 
0 2
0 5
cob=(2)
cfi=(16)
cfn=(312) 0x0804837c
calls=1 0 
0 12
0 12
cfn=(318)
calls=1 0 
0 14
0 9

fn=(436)
0 6
cfn=(440)
calls=1 0 
0 5
0 3

fn=(328)
0 10
cfn=(330)
calls=1 0 
0 141815132
0 5
cob=(3)
cfi=(71)
cfn=(336)
calls=1 28 
0 1515
cob=(1)
cfi=(51)
cfn=(202)
calls=1 28 
0 979
0 5
0 4
cfn=(330)
calls=1 0 
0 229461721
0 5
cob=(3)
cfi=(71)
cfn=(336)
calls=1 28 
0 861
0 1
0 4
cfn=(330)
calls=1 0 
0 371276881
0 5
cob=(3)
cfi=(71)
cfn=(336)
calls=1 28 
0 861
0 1
0 5
cfn=(376)
calls=1 0 
0 409959864
0 6
cob=(3)
cfi=(71)
cfn=(336)
calls=1 28 
0 6512
0 1
0 5
cfn=(376)
calls=1 0 
0 450959055
0 6
cob=(3)
cfi=(71)
cfn=(336)
calls=1 28 
0 6594
0 1
0 5
cfn=(376)
calls=1 0 
0 491959055
0 6
cob=(3)
cfi=(71)
cfn=(336)
calls=1 28 
0 6477
0 1
0 5

ob=(2)
fl=(16)
fn=(504)
0 3
cob=(4)
cfi=(50)
cfn=(194)
calls=1 66 
0 2
0 4

fn=(478)
0 3
cob=(5)
cfi=(57)
cfn=(236)
calls=1 0 
0 2
0 4

fn=(446)
0 3
cob=(6)
cfi=(67)
cfn=(310)
calls=1 0 
0 2
0 4

fn=(274)
0 3
cob=(4)
cfi=(50)
cfn=(194)
calls=1 66 
0 2
0 7

fn=(234)
0 3
cob=(5)
cfi=(57)
cfn=(236)
calls=1 0 
0 2
0 7

fn=(312)
0 3
cob=(6)
cfi=(67)
cfn=(310)
calls=1 0 
0 2
0 7

totals: 2095595042
